no 15
nf 24
nm robot
nc 3
ch oberkoerper
ch bein.l
ch bein.r
lc 0.000000 -1.254005 -4.000001 1.000000
lc 0.000000 -1.216115 -4.000001 1.000000
lc 0.000000 -1.108273 -4.000001 1.000000
lc 0.000000 -0.939225 -4.000000 1.000000
lc 0.000000 -0.729372 -4.000000 1.000000
lc 0.000000 -0.545750 -4.000000 1.000000
lc 0.000000 -0.467055 -4.000000 1.000000
lc 0.000000 -0.535549 -4.000000 1.000000
lc 0.000000 -0.700226 -4.000000 1.000000
lc 0.000000 -0.899878 -4.000000 1.000000
lc 0.000000 -1.079127 -4.000001 1.000000
lc 0.000000 -1.205913 -4.000001 1.000000
lc 0.000000 -1.254005 -4.000001 1.000000
lc 0.000000 -1.216115 -4.000001 1.000000
lc 0.000000 -1.108273 -4.000001 1.000000
lc 0.000000 -0.939225 -4.000000 1.000000
lc 0.000000 -0.729372 -4.000000 1.000000
lc 0.000000 -0.545750 -4.000000 1.000000
lc 0.000000 -0.467055 -4.000000 1.000000
lc 0.000000 -0.535549 -4.000000 1.000000
lc 0.000000 -0.700226 -4.000000 1.000000
lc 0.000000 -0.899878 -4.000000 1.000000
lc 0.000000 -1.079127 -4.000001 1.000000
rq 1.000000 -0.000001 0.000000 0.000000
rq 1.000000 -0.000001 0.000000 0.000000
rq 1.000000 -0.000001 0.000000 0.000000
rq 1.000000 -0.000001 0.000000 0.000000
rq 1.000000 -0.000001 0.000000 0.000000
rq 1.000000 -0.000001 0.000000 0.000000
rq 1.000000 -0.000001 0.000000 0.000000
rq 1.000000 -0.000001 0.000000 0.000000
rq 1.000000 -0.000001 0.000000 0.000000
rq 1.000000 -0.000001 0.000000 0.000000
rq 1.000000 -0.000001 0.000000 0.000000
rq 1.000000 -0.000001 0.000000 0.000000
rq 1.000000 -0.000001 0.000000 0.000000
rq 1.000000 -0.000001 0.000000 0.000000
rq 1.000000 -0.000001 0.000000 0.000000
rq 1.000000 -0.000001 0.000000 0.000000
rq 1.000000 -0.000001 0.000000 0.000000
rq 1.000000 -0.000001 0.000000 0.000000
rq 1.000000 -0.000001 0.000000 0.000000
rq 1.000000 -0.000001 0.000000 0.000000
rq 1.000000 -0.000001 0.000000 0.000000
rq 1.000000 -0.000001 0.000000 0.000000
rq 1.000000 -0.000001 0.000000 0.000000
sc 1.000000 1.000000 1.000000 1.000000
sc 1.000000 1.000000 1.000000 1.000000
sc 1.000000 1.000000 1.000000 1.000000
sc 1.000000 1.000000 1.000000 1.000000
sc 1.000000 1.000000 1.000000 1.000000
sc 1.000000 1.000000 1.000000 1.000000
sc 1.000000 1.000000 1.000000 1.000000
sc 1.000000 1.000000 1.000000 1.000000
sc 1.000000 1.000000 1.000000 1.000000
sc 1.000000 1.000000 1.000000 1.000000
sc 1.000000 1.000000 1.000000 1.000000
sc 1.000000 1.000000 1.000000 1.000000
sc 1.000000 1.000000 1.000000 1.000000
sc 1.000000 1.000000 1.000000 1.000000
sc 1.000000 1.000000 1.000000 1.000000
sc 1.000000 1.000000 1.000000 1.000000
sc 1.000000 1.000000 1.000000 1.000000
sc 1.000000 1.000000 1.000000 1.000000
sc 1.000000 1.000000 1.000000 1.000000
sc 1.000000 1.000000 1.000000 1.000000
sc 1.000000 1.000000 1.000000 1.000000
sc 1.000000 1.000000 1.000000 1.000000
sc 1.000000 1.000000 1.000000 1.000000
bm 1.000000 0.000000 0.000000 0.000000 0.000000 1.000000 0.000001 0.000000 0.000000 -0.000001 1.000000 0.000000 0.000000 -1.254005 -4.000001 1.000000
bm 1.000000 0.000000 0.000000 0.000000 0.000000 1.000000 0.000001 0.000000 0.000000 -0.000001 1.000000 0.000000 0.000000 -1.216115 -4.000001 1.000000
bm 1.000000 0.000000 0.000000 0.000000 0.000000 1.000000 0.000001 0.000000 0.000000 -0.000001 1.000000 0.000000 0.000000 -1.108273 -4.000001 1.000000
bm 1.000000 0.000000 0.000000 0.000000 0.000000 1.000000 0.000001 0.000000 0.000000 -0.000001 1.000000 0.000000 0.000000 -0.939225 -4.000000 1.000000
bm 1.000000 0.000000 0.000000 0.000000 0.000000 1.000000 0.000001 0.000000 0.000000 -0.000001 1.000000 0.000000 0.000000 -0.729372 -4.000000 1.000000
bm 1.000000 0.000000 0.000000 0.000000 0.000000 1.000000 0.000001 0.000000 0.000000 -0.000001 1.000000 0.000000 0.000000 -0.545750 -4.000000 1.000000
bm 1.000000 0.000000 0.000000 0.000000 0.000000 1.000000 0.000001 0.000000 0.000000 -0.000001 1.000000 0.000000 0.000000 -0.467055 -4.000000 1.000000
bm 1.000000 0.000000 0.000000 0.000000 0.000000 1.000000 0.000001 0.000000 0.000000 -0.000001 1.000000 0.000000 0.000000 -0.535549 -4.000000 1.000000
bm 1.000000 0.000000 0.000000 0.000000 0.000000 1.000000 0.000001 0.000000 0.000000 -0.000001 1.000000 0.000000 0.000000 -0.700226 -4.000000 1.000000
bm 1.000000 0.000000 0.000000 0.000000 0.000000 1.000000 0.000001 0.000000 0.000000 -0.000001 1.000000 0.000000 0.000000 -0.899878 -4.000000 1.000000
bm 1.000000 0.000000 0.000000 0.000000 0.000000 1.000000 0.000001 0.000000 0.000000 -0.000001 1.000000 0.000000 0.000000 -1.079127 -4.000001 1.000000
bm 1.000000 0.000000 0.000000 0.000000 0.000000 1.000000 0.000001 0.000000 0.000000 -0.000001 1.000000 0.000000 0.000000 -1.205913 -4.000001 1.000000
bm 1.000000 0.000000 0.000000 0.000000 0.000000 1.000000 0.000001 0.000000 0.000000 -0.000001 1.000000 0.000000 0.000000 -1.254005 -4.000001 1.000000
bm 1.000000 0.000000 0.000000 0.000000 0.000000 1.000000 0.000001 0.000000 0.000000 -0.000001 1.000000 0.000000 0.000000 -1.216115 -4.000001 1.000000
bm 1.000000 0.000000 0.000000 0.000000 0.000000 1.000000 0.000001 0.000000 0.000000 -0.000001 1.000000 0.000000 0.000000 -1.108273 -4.000001 1.000000
bm 1.000000 0.000000 0.000000 0.000000 0.000000 1.000000 0.000001 0.000000 0.000000 -0.000001 1.000000 0.000000 0.000000 -0.939225 -4.000000 1.000000
bm 1.000000 0.000000 0.000000 0.000000 0.000000 1.000000 0.000001 0.000000 0.000000 -0.000001 1.000000 0.000000 0.000000 -0.729372 -4.000000 1.000000
bm 1.000000 0.000000 0.000000 0.000000 0.000000 1.000000 0.000001 0.000000 0.000000 -0.000001 1.000000 0.000000 0.000000 -0.545750 -4.000000 1.000000
bm 1.000000 0.000000 0.000000 0.000000 0.000000 1.000000 0.000001 0.000000 0.000000 -0.000001 1.000000 0.000000 0.000000 -0.467055 -4.000000 1.000000
bm 1.000000 0.000000 0.000000 0.000000 0.000000 1.000000 0.000001 0.000000 0.000000 -0.000001 1.000000 0.000000 0.000000 -0.535549 -4.000000 1.000000
bm 1.000000 0.000000 0.000000 0.000000 0.000000 1.000000 0.000001 0.000000 0.000000 -0.000001 1.000000 0.000000 0.000000 -0.700226 -4.000000 1.000000
bm 1.000000 0.000000 0.000000 0.000000 0.000000 1.000000 0.000001 0.000000 0.000000 -0.000001 1.000000 0.000000 0.000000 -0.899878 -4.000000 1.000000
bm 1.000000 0.000000 0.000000 0.000000 0.000000 1.000000 0.000001 0.000000 0.000000 -0.000001 1.000000 0.000000 0.000000 -1.079127 -4.000001 1.000000
nm oberkoerper
nc 3
ch oberarm.l
ch kopf
ch oberarm.r
lc 0.000000 -0.865644 -0.000001 1.000000
lc 0.000000 -0.827754 -0.000001 1.000000
lc 0.000000 -0.719913 -0.000001 1.000000
lc 0.000000 -0.550865 -0.000000 1.000000
lc 0.000000 -0.341011 -0.000000 1.000000
lc 0.000000 -0.157390 -0.000000 1.000000
lc 0.000000 -0.078695 -0.000000 1.000000
lc 0.000000 -0.147189 -0.000000 1.000000
lc 0.000000 -0.311865 -0.000000 1.000000
lc 0.000000 -0.511517 -0.000000 1.000000
lc 0.000000 -0.690767 -0.000001 1.000000
lc 0.000000 -0.817553 -0.000001 1.000000
lc 0.000000 -0.865644 -0.000001 1.000000
lc 0.000000 -0.827754 -0.000001 1.000000
lc 0.000000 -0.719913 -0.000001 1.000000
lc 0.000000 -0.550865 -0.000000 1.000000
lc 0.000000 -0.341011 -0.000000 1.000000
lc 0.000000 -0.157390 -0.000000 1.000000
lc 0.000000 -0.078695 -0.000000 1.000000
lc 0.000000 -0.147189 -0.000000 1.000000
lc 0.000000 -0.311865 -0.000000 1.000000
lc 0.000000 -0.511517 -0.000000 1.000000
lc 0.000000 -0.690767 -0.000001 1.000000
rq 1.000000 0.000000 0.000000 0.000000
rq 1.000000 0.000000 0.000000 0.000000
rq 1.000000 0.000000 0.000000 0.000000
rq 1.000000 0.000000 0.000000 0.000000
rq 1.000000 0.000000 0.000000 0.000000
rq 1.000000 0.000000 0.000000 0.000000
rq 1.000000 0.000000 0.000000 0.000000
rq 1.000000 0.000000 0.000000 0.000000
rq 1.000000 0.000000 0.000000 0.000000
rq 1.000000 0.000000 0.000000 0.000000
rq 1.000000 0.000000 0.000000 0.000000
rq 1.000000 0.000000 0.000000 0.000000
rq 1.000000 0.000000 0.000000 0.000000
rq 1.000000 0.000000 0.000000 0.000000
rq 1.000000 0.000000 0.000000 0.000000
rq 1.000000 0.000000 0.000000 0.000000
rq 1.000000 0.000000 0.000000 0.000000
rq 1.000000 0.000000 0.000000 0.000000
rq 1.000000 0.000000 0.000000 0.000000
rq 1.000000 0.000000 0.000000 0.000000
rq 1.000000 0.000000 0.000000 0.000000
rq 1.000000 0.000000 0.000000 0.000000
rq 1.000000 0.000000 0.000000 0.000000
sc 1.000000 1.000000 1.000000 1.000000
sc 1.000000 1.000000 1.000000 1.000000
sc 1.000000 1.000000 1.000000 1.000000
sc 1.000000 1.000000 1.000000 1.000000
sc 1.000000 1.000000 1.000000 1.000000
sc 1.000000 1.000000 1.000000 1.000000
sc 1.000000 1.000000 1.000000 1.000000
sc 1.000000 1.000000 1.000000 1.000000
sc 1.000000 1.000000 1.000000 1.000000
sc 1.000000 1.000000 1.000000 1.000000
sc 1.000000 1.000000 1.000000 1.000000
sc 1.000000 1.000000 1.000000 1.000000
sc 1.000000 1.000000 1.000000 1.000000
sc 1.000000 1.000000 1.000000 1.000000
sc 1.000000 1.000000 1.000000 1.000000
sc 1.000000 1.000000 1.000000 1.000000
sc 1.000000 1.000000 1.000000 1.000000
sc 1.000000 1.000000 1.000000 1.000000
sc 1.000000 1.000000 1.000000 1.000000
sc 1.000000 1.000000 1.000000 1.000000
sc 1.000000 1.000000 1.000000 1.000000
sc 1.000000 1.000000 1.000000 1.000000
sc 1.000000 1.000000 1.000000 1.000000
bm 1.000000 0.000000 0.000000 0.000000 0.000000 1.000000 0.000000 0.000000 0.000000 0.000000 1.000000 0.000000 0.000000 -0.865644 -0.000001 1.000000
bm 1.000000 0.000000 0.000000 0.000000 0.000000 1.000000 0.000000 0.000000 0.000000 0.000000 1.000000 0.000000 0.000000 -0.827754 -0.000001 1.000000
bm 1.000000 0.000000 0.000000 0.000000 0.000000 1.000000 0.000000 0.000000 0.000000 0.000000 1.000000 0.000000 0.000000 -0.719913 -0.000001 1.000000
bm 1.000000 0.000000 0.000000 0.000000 0.000000 1.000000 0.000000 0.000000 0.000000 0.000000 1.000000 0.000000 0.000000 -0.550865 -0.000000 1.000000
bm 1.000000 0.000000 0.000000 0.000000 0.000000 1.000000 0.000000 0.000000 0.000000 0.000000 1.000000 0.000000 0.000000 -0.341011 -0.000000 1.000000
bm 1.000000 0.000000 0.000000 0.000000 0.000000 1.000000 0.000000 0.000000 0.000000 0.000000 1.000000 0.000000 0.000000 -0.157390 -0.000000 1.000000
bm 1.000000 0.000000 0.000000 0.000000 0.000000 1.000000 0.000000 0.000000 0.000000 0.000000 1.000000 0.000000 0.000000 -0.078695 -0.000000 1.000000
bm 1.000000 0.000000 0.000000 0.000000 0.000000 1.000000 0.000000 0.000000 0.000000 0.000000 1.000000 0.000000 0.000000 -0.147189 -0.000000 1.000000
bm 1.000000 0.000000 0.000000 0.000000 0.000000 1.000000 0.000000 0.000000 0.000000 0.000000 1.000000 0.000000 0.000000 -0.311865 -0.000000 1.000000
bm 1.000000 0.000000 0.000000 0.000000 0.000000 1.000000 0.000000 0.000000 0.000000 0.000000 1.000000 0.000000 0.000000 -0.511517 -0.000000 1.000000
bm 1.000000 0.000000 0.000000 0.000000 0.000000 1.000000 0.000000 0.000000 0.000000 0.000000 1.000000 0.000000 0.000000 -0.690767 -0.000001 1.000000
bm 1.000000 0.000000 0.000000 0.000000 0.000000 1.000000 0.000000 0.000000 0.000000 0.000000 1.000000 0.000000 0.000000 -0.817553 -0.000001 1.000000
bm 1.000000 0.000000 0.000000 0.000000 0.000000 1.000000 0.000000 0.000000 0.000000 0.000000 1.000000 0.000000 0.000000 -0.865644 -0.000001 1.000000
bm 1.000000 0.000000 0.000000 0.000000 0.000000 1.000000 0.000000 0.000000 0.000000 0.000000 1.000000 0.000000 0.000000 -0.827754 -0.000001 1.000000
bm 1.000000 0.000000 0.000000 0.000000 0.000000 1.000000 0.000000 0.000000 0.000000 0.000000 1.000000 0.000000 0.000000 -0.719913 -0.000001 1.000000
bm 1.000000 0.000000 0.000000 0.000000 0.000000 1.000000 0.000000 0.000000 0.000000 0.000000 1.000000 0.000000 0.000000 -0.550865 -0.000000 1.000000
bm 1.000000 0.000000 0.000000 0.000000 0.000000 1.000000 0.000000 0.000000 0.000000 0.000000 1.000000 0.000000 0.000000 -0.341011 -0.000000 1.000000
bm 1.000000 0.000000 0.000000 0.000000 0.000000 1.000000 0.000000 0.000000 0.000000 0.000000 1.000000 0.000000 0.000000 -0.157390 -0.000000 1.000000
bm 1.000000 0.000000 0.000000 0.000000 0.000000 1.000000 0.000000 0.000000 0.000000 0.000000 1.000000 0.000000 0.000000 -0.078695 -0.000000 1.000000
bm 1.000000 0.000000 0.000000 0.000000 0.000000 1.000000 0.000000 0.000000 0.000000 0.000000 1.000000 0.000000 0.000000 -0.147189 -0.000000 1.000000
bm 1.000000 0.000000 0.000000 0.000000 0.000000 1.000000 0.000000 0.000000 0.000000 0.000000 1.000000 0.000000 0.000000 -0.311865 -0.000000 1.000000
bm 1.000000 0.000000 0.000000 0.000000 0.000000 1.000000 0.000000 0.000000 0.000000 0.000000 1.000000 0.000000 0.000000 -0.511517 -0.000000 1.000000
bm 1.000000 0.000000 0.000000 0.000000 0.000000 1.000000 0.000000 0.000000 0.000000 0.000000 1.000000 0.000000 0.000000 -0.690767 -0.000001 1.000000
nm oberarm.l
nc 1
ch arm.l
lc 0.000000 -0.361399 2.147497 1.000000
lc 0.000000 -0.359603 2.074304 1.000000
lc 0.000000 -0.353646 1.848087 1.000000
lc 0.000000 -0.318434 1.488290 1.000000
lc -0.000000 -0.235867 1.016528 1.000000
lc -0.000000 -0.137295 0.461720 1.000000
lc -0.000000 -0.075960 -0.136527 1.000000
lc -0.000000 -0.085985 -0.731439 1.000000
lc -0.000000 -0.128189 -1.277138 1.000000
lc -0.000000 -0.169684 -1.736367 1.000000
lc -0.000001 -0.192314 -2.083684 1.000000
lc -0.000001 -0.202077 -2.302857 1.000000
lc -0.000001 -0.205435 -2.379869 1.000000
lc -0.000001 -0.212418 -2.302610 1.000000
lc -0.000001 -0.221886 -2.082833 1.000000
lc -0.000001 -0.209644 -1.734848 1.000000
lc -0.000000 -0.157875 -1.275262 1.000000
lc -0.000000 -0.096439 -0.729882 1.000000
lc -0.000000 -0.075973 -0.136148 1.000000
lc -0.000000 -0.127235 0.460185 1.000000
lc -0.000000 -0.207547 1.012680 1.000000
lc -0.000000 -0.281116 1.482056 1.000000
lc 0.000000 -0.327878 1.840006 1.000000
rq 0.972240 0.233984 0.000000 -0.000000
rq 0.974229 0.225560 -0.000000 -0.000000
rq 0.979828 0.199843 -0.000000 -0.000000
rq 0.987153 0.159779 -0.000000 -0.000000
rq 0.994107 0.108400 -0.000000 -0.000000
rq 0.998798 0.049022 -0.000000 -0.000000
rq 0.999895 -0.014485 -0.000000 -0.000000
rq 0.996965 -0.077856 -0.000000 -0.000000
rq 0.990590 -0.136862 -0.000000 -0.000000
rq 0.982224 -0.187715 -0.000000 -0.000000
rq 0.973835 -0.227256 -0.000000 -0.000000
rq 0.967508 -0.252842 -0.000000 -0.000000
rq 0.965076 -0.261971 -0.000000 -0.000000
rq 0.967515 -0.252813 -0.000000 -0.000000
rq 0.973858 -0.227158 -0.000000 -0.000000
rq 0.982256 -0.187544 -0.000000 -0.000000
rq 0.990618 -0.136657 -0.000000 -0.000000
rq 0.996978 -0.077689 -0.000000 -0.000000
rq 0.999896 -0.014444 -0.000000 -0.000000
rq 0.998806 0.048859 -0.000000 -0.000000
rq 0.994152 0.107985 -0.000000 -0.000000
rq 0.987264 0.159093 -0.000000 -0.000000
rq 0.980013 0.198933 -0.000000 -0.000000
sc 1.000000 1.000000 1.000000 1.000000
sc 1.000000 1.000000 1.000000 1.000000
sc 1.000000 1.000000 1.000000 1.000000
sc 1.000000 1.000000 1.000000 1.000000
sc 1.000000 1.000000 1.000000 1.000000
sc 1.000000 1.000000 1.000000 1.000000
sc 1.000000 1.000000 1.000000 1.000000
sc 1.000000 1.000000 1.000000 1.000000
sc 1.000000 1.000000 1.000000 1.000000
sc 1.000000 1.000000 1.000000 1.000000
sc 1.000000 1.000000 1.000000 1.000000
sc 1.000000 1.000000 1.000000 1.000000
sc 1.000000 1.000000 1.000000 1.000000
sc 1.000000 1.000000 1.000000 1.000000
sc 1.000000 1.000000 1.000000 1.000000
sc 1.000000 1.000000 1.000000 1.000000
sc 1.000000 1.000000 1.000000 1.000000
sc 1.000000 1.000000 1.000000 1.000000
sc 1.000000 1.000000 1.000000 1.000000
sc 1.000000 1.000000 1.000000 1.000000
sc 1.000000 1.000000 1.000000 1.000000
sc 1.000000 1.000000 1.000000 1.000000
sc 1.000000 1.000000 1.000000 1.000000
bm 1.000000 0.000000 0.000000 0.000000 -0.000000 0.890503 -0.454978 0.000000 -0.000000 0.454978 0.890503 0.000000 0.000000 -0.361399 2.147497 1.000000
bm 1.000000 -0.000000 -0.000000 0.000000 -0.000000 0.898246 -0.439493 0.000000 0.000000 0.439493 0.898246 0.000000 0.000000 -0.359603 2.074304 1.000000
bm 1.000000 -0.000000 -0.000000 0.000000 -0.000000 0.920126 -0.391623 0.000000 0.000000 0.391623 0.920126 0.000000 0.000000 -0.353646 1.848087 1.000000
bm 1.000000 -0.000000 -0.000000 0.000000 -0.000000 0.948941 -0.315453 0.000000 0.000000 0.315453 0.948941 0.000000 0.000000 -0.318434 1.488290 1.000000
bm 1.000000 -0.000000 -0.000000 0.000000 -0.000000 0.976499 -0.215523 0.000000 0.000000 0.215523 0.976499 0.000000 -0.000000 -0.235867 1.016528 1.000000
bm 1.000000 -0.000000 -0.000000 0.000000 -0.000000 0.995194 -0.097926 0.000000 0.000000 0.097926 0.995194 0.000000 -0.000000 -0.137295 0.461720 1.000000
bm 1.000000 0.000000 -0.000000 0.000000 0.000000 0.999580 0.028966 0.000000 0.000000 -0.028966 0.999580 0.000000 -0.000000 -0.075960 -0.136527 1.000000
bm 1.000000 0.000000 -0.000000 0.000000 0.000000 0.987877 0.155240 0.000000 0.000000 -0.155240 0.987877 0.000000 -0.000000 -0.085985 -0.731439 1.000000
bm 1.000000 0.000000 -0.000000 0.000000 0.000000 0.962537 0.271149 0.000000 0.000000 -0.271149 0.962537 0.000000 -0.000000 -0.128189 -1.277138 1.000000
bm 1.000000 0.000000 -0.000000 0.000000 0.000000 0.929526 0.368756 0.000000 0.000000 -0.368756 0.929526 0.000000 -0.000000 -0.169684 -1.736367 1.000000
bm 1.000000 0.000000 -0.000000 0.000000 0.000000 0.896709 0.442620 0.000000 0.000000 -0.442620 0.896709 0.000000 -0.000001 -0.192314 -2.083684 1.000000
bm 1.000000 0.000000 -0.000000 0.000000 0.000000 0.872142 0.489253 0.000000 0.000000 -0.489253 0.872142 0.000000 -0.000001 -0.202077 -2.302857 1.000000
bm 1.000000 0.000000 -0.000000 0.000000 0.000000 0.862743 0.505643 0.000000 0.000000 -0.505643 0.862743 0.000000 -0.000001 -0.205435 -2.379869 1.000000
bm 1.000000 0.000000 -0.000000 0.000000 0.000000 0.872171 0.489201 0.000000 0.000000 -0.489201 0.872171 0.000000 -0.000001 -0.212418 -2.302610 1.000000
bm 1.000000 0.000000 -0.000000 0.000000 0.000000 0.896799 0.442439 0.000000 0.000000 -0.442439 0.896799 0.000000 -0.000001 -0.221886 -2.082833 1.000000
bm 1.000000 0.000000 -0.000000 0.000000 0.000000 0.929654 0.368433 0.000000 0.000000 -0.368433 0.929654 0.000000 -0.000001 -0.209644 -1.734848 1.000000
bm 1.000000 0.000000 -0.000000 0.000000 0.000000 0.962650 0.270750 0.000000 0.000000 -0.270750 0.962650 0.000000 -0.000000 -0.157875 -1.275262 1.000000
bm 1.000000 0.000000 -0.000000 0.000000 0.000000 0.987929 0.154909 0.000000 0.000000 -0.154909 0.987929 0.000000 -0.000000 -0.096439 -0.729882 1.000000
bm 1.000000 0.000000 -0.000000 0.000000 0.000000 0.999583 0.028886 0.000000 0.000000 -0.028886 0.999583 0.000000 -0.000000 -0.075973 -0.136148 1.000000
bm 1.000000 -0.000000 -0.000000 0.000000 -0.000000 0.995226 -0.097600 0.000000 0.000000 0.097600 0.995226 0.000000 -0.000000 -0.127235 0.460185 1.000000
bm 1.000000 -0.000000 -0.000000 0.000000 -0.000000 0.976678 -0.214708 0.000000 0.000000 0.214708 0.976678 0.000000 -0.000000 -0.207547 1.012680 1.000000
bm 1.000000 -0.000000 -0.000000 0.000000 -0.000000 0.949379 -0.314133 0.000000 0.000000 0.314133 0.949379 0.000000 -0.000000 -0.281116 1.482056 1.000000
bm 1.000000 -0.000000 -0.000000 0.000000 -0.000000 0.920852 -0.389913 0.000000 0.000000 0.389913 0.920852 0.000000 0.000000 -0.327878 1.840006 1.000000
nm arm.l
nc 1
ch hand.l
lc 0.000000 -0.047867 2.609643 1.000000
lc 0.000000 -0.061304 2.533493 1.000000
lc 0.000000 -0.098317 2.298128 1.000000
lc 0.000000 -0.124597 1.918413 1.000000
lc 0.000000 -0.111171 1.411740 1.000000
lc -0.000000 -0.078045 0.805812 1.000000
lc -0.000000 -0.068533 0.143258 1.000000
lc -0.000000 -0.110622 -0.522356 1.000000
lc -0.000000 -0.164352 -1.136672 1.000000
lc -0.000000 -0.201206 -1.654885 1.000000
lc -0.000001 -0.210734 -2.046614 1.000000
lc -0.000001 -0.207550 -2.293326 1.000000
lc -0.000001 -0.205435 -2.379869 1.000000
lc -0.000001 -0.217891 -2.293079 1.000000
lc -0.000001 -0.240299 -2.045760 1.000000
lc -0.000001 -0.241138 -1.653355 1.000000
lc -0.000000 -0.193980 -1.134781 1.000000
lc -0.000000 -0.121007 -0.520790 1.000000
lc -0.000000 -0.068524 0.143636 1.000000
lc -0.000000 -0.068098 0.804297 1.000000
lc -0.000000 -0.083180 1.407996 1.000000
lc 0.000000 -0.087877 1.912447 1.000000
lc 0.000000 -0.073386 2.290520 1.000000
rq 0.931360 0.364099 0.000000 -0.000000
rq 0.935427 0.353520 -0.000000 -0.000000
rq 0.946816 0.321775 -0.000000 -0.000000
rq 0.962243 0.272192 -0.000000 -0.000000
rq 0.978081 0.208223 -0.000000 -0.000000
rq 0.991007 0.133813 -0.000000 -0.000000
rq 0.998555 0.053735 -0.000000 -0.000000
rq 0.999646 -0.026614 -0.000000 -0.000000
rq 0.994808 -0.101769 -0.000000 -0.000000
rq 0.985997 -0.166764 -0.000000 -0.000000
rq 0.976077 -0.217423 -0.000000 -0.000000
rq 0.968181 -0.250250 -0.000000 -0.000000
rq 0.965076 -0.261971 -0.000000 -0.000000
rq 0.968189 -0.250221 -0.000000 -0.000000
rq 0.976099 -0.217324 -0.000000 -0.000000
rq 0.986026 -0.166593 -0.000000 -0.000000
rq 0.994829 -0.101563 -0.000000 -0.000000
rq 0.999650 -0.026447 -0.000000 -0.000000
rq 0.998553 0.053775 -0.000000 -0.000000
rq 0.991028 0.133651 -0.000000 -0.000000
rq 0.978168 0.207815 -0.000000 -0.000000
rq 0.962432 0.271523 -0.000000 -0.000000
rq 0.947115 0.320895 -0.000000 -0.000000
sc 1.000000 1.000000 1.000000 1.000000
sc 1.000000 1.000000 1.000000 1.000000
sc 1.000000 1.000000 1.000000 1.000000
sc 1.000000 1.000000 1.000000 1.000000
sc 1.000000 1.000000 1.000000 1.000000
sc 1.000000 1.000000 1.000000 1.000000
sc 1.000000 1.000000 1.000000 1.000000
sc 1.000000 1.000000 1.000000 1.000000
sc 1.000000 1.000000 1.000000 1.000000
sc 1.000000 1.000000 1.000000 1.000000
sc 1.000000 1.000000 1.000000 1.000000
sc 1.000000 1.000000 1.000000 1.000000
sc 1.000000 1.000000 1.000000 1.000000
sc 1.000000 1.000000 1.000000 1.000000
sc 1.000000 1.000000 1.000000 1.000000
sc 1.000000 1.000000 1.000000 1.000000
sc 1.000000 1.000000 1.000000 1.000000
sc 1.000000 1.000000 1.000000 1.000000
sc 1.000000 1.000000 1.000000 1.000000
sc 1.000000 1.000000 1.000000 1.000000
sc 1.000000 1.000000 1.000000 1.000000
sc 1.000000 1.000000 1.000000 1.000000
sc 1.000000 1.000000 1.000000 1.000000
bm 1.000000 0.000000 -0.000000 0.000000 -0.000000 0.734863 -0.678215 0.000000 -0.000000 0.678215 0.734863 0.000000 0.000000 -0.047867 2.609643 1.000000
bm 1.000000 -0.000000 -0.000000 0.000000 -0.000000 0.750047 -0.661384 0.000000 0.000000 0.661384 0.750047 0.000000 0.000000 -0.061304 2.533493 1.000000
bm 1.000000 -0.000000 -0.000000 0.000000 -0.000000 0.792922 -0.609323 0.000000 0.000000 0.609323 0.792922 0.000000 0.000000 -0.098317 2.298128 1.000000
bm 1.000000 -0.000000 -0.000000 0.000000 -0.000000 0.851823 -0.523830 0.000000 0.000000 0.523830 0.851823 0.000000 0.000000 -0.124597 1.918413 1.000000
bm 1.000000 -0.000000 -0.000000 0.000000 -0.000000 0.913286 -0.407318 0.000000 0.000000 0.407318 0.913286 0.000000 0.000000 -0.111171 1.411740 1.000000
bm 1.000000 -0.000000 -0.000000 0.000000 -0.000000 0.964188 -0.265219 0.000000 0.000000 0.265219 0.964188 0.000000 -0.000000 -0.078045 0.805812 1.000000
bm 1.000000 0.000000 -0.000000 0.000000 -0.000000 0.994225 -0.107315 0.000000 0.000000 0.107315 0.994225 0.000000 -0.000000 -0.068533 0.143258 1.000000
bm 1.000000 0.000000 -0.000000 0.000000 -0.000000 0.998583 0.053210 0.000000 0.000000 -0.053210 0.998583 0.000000 -0.000000 -0.110622 -0.522356 1.000000
bm 1.000000 0.000000 -0.000000 0.000000 0.000000 0.979286 0.202482 0.000000 0.000000 -0.202482 0.979286 0.000000 -0.000000 -0.164352 -1.136672 1.000000
bm 1.000000 0.000000 -0.000000 0.000000 0.000000 0.944380 0.328857 0.000000 0.000000 -0.328857 0.944380 0.000000 -0.000000 -0.201206 -1.654885 1.000000
bm 1.000000 0.000000 -0.000000 0.000000 0.000000 0.905455 0.424443 0.000000 0.000000 -0.424443 0.905455 0.000000 -0.000001 -0.210734 -2.046614 1.000000
bm 1.000000 0.000000 -0.000000 0.000000 0.000000 0.874750 0.484575 0.000000 0.000000 -0.484575 0.874750 0.000000 -0.000001 -0.207550 -2.293326 1.000000
bm 1.000000 0.000000 -0.000000 0.000000 0.000000 0.862743 0.505643 0.000000 0.000000 -0.505643 0.862743 0.000000 -0.000001 -0.205435 -2.379869 1.000000
bm 1.000000 0.000000 -0.000000 0.000000 0.000000 0.874779 0.484523 0.000000 0.000000 -0.484523 0.874779 0.000000 -0.000001 -0.217891 -2.293079 1.000000
bm 1.000000 0.000000 -0.000000 0.000000 0.000000 0.905540 0.424260 0.000000 0.000000 -0.424260 0.905540 0.000000 -0.000001 -0.240299 -2.045760 1.000000
bm 1.000000 0.000000 -0.000000 0.000000 0.000000 0.944494 0.328529 0.000000 0.000000 -0.328529 0.944494 0.000000 -0.000001 -0.241138 -1.653355 1.000000
bm 1.000000 0.000000 -0.000000 0.000000 0.000000 0.979370 0.202076 0.000000 0.000000 -0.202076 0.979370 0.000000 -0.000000 -0.193980 -1.134781 1.000000
bm 1.000000 0.000000 -0.000000 0.000000 -0.000000 0.998601 0.052875 0.000000 0.000000 -0.052875 0.998601 0.000000 -0.000000 -0.121007 -0.520790 1.000000
bm 1.000000 0.000000 -0.000000 0.000000 -0.000000 0.994217 -0.107394 0.000000 0.000000 0.107394 0.994217 0.000000 -0.000000 -0.068524 0.143636 1.000000
bm 1.000000 -0.000000 -0.000000 0.000000 -0.000000 0.964275 -0.264904 0.000000 0.000000 0.264904 0.964275 0.000000 -0.000000 -0.068098 0.804297 1.000000
bm 1.000000 -0.000000 -0.000000 0.000000 -0.000000 0.913626 -0.406556 0.000000 0.000000 0.406556 0.913626 0.000000 -0.000000 -0.083180 1.407996 1.000000
bm 1.000000 0.000000 -0.000000 0.000000 -0.000000 0.852551 -0.522644 0.000000 0.000000 0.522644 0.852551 0.000000 0.000000 -0.087877 1.912447 1.000000
bm 1.000000 0.000000 -0.000000 0.000000 -0.000000 0.794053 -0.607849 0.000000 0.000000 0.607849 0.794053 0.000000 0.000000 -0.073386 2.290520 1.000000
nm hand.l
nc 0
lc 0.000000 -0.176557 2.514808 1.000000
lc 0.000000 -0.185077 2.437320 1.000000
lc 0.000000 -0.208118 2.198709 1.000000
lc 0.000000 -0.213589 1.816812 1.000000
lc 0.000000 -0.175469 1.312024 1.000000
lc -0.000000 -0.117420 0.713925 1.000000
lc -0.000000 -0.086500 0.065162 1.000000
lc -0.000000 -0.113488 -0.582565 1.000000
lc -0.000000 -0.159385 -1.177902 1.000000
lc -0.000001 -0.194634 -1.679018 1.000000
lc -0.000001 -0.206329 -2.057615 1.000000
lc -0.000001 -0.206164 -2.296150 1.000000
lc -0.000001 -0.205435 -2.379869 1.000000
lc -0.000001 -0.216505 -2.295903 1.000000
lc -0.000001 -0.235895 -2.056761 1.000000
lc -0.000001 -0.234574 -1.677490 1.000000
lc -0.000000 -0.189030 -1.176012 1.000000
lc -0.000000 -0.123892 -0.580999 1.000000
lc -0.000000 -0.086496 0.065541 1.000000
lc -0.000000 -0.107443 0.712396 1.000000
lc -0.000000 -0.147395 1.308226 1.000000
lc 0.000000 -0.176728 1.810722 1.000000
lc 0.000000 -0.183002 2.190898 1.000000
rq 0.869682 0.493612 0.000000 -0.000000
rq 0.876580 0.481257 -0.000000 -0.000000
rq 0.895799 0.444459 -0.000000 -0.000000
rq 0.922281 0.386519 -0.000000 -0.000000
rq 0.950438 0.310913 -0.000000 -0.000000
rq 0.975059 0.221947 -0.000000 -0.000000
rq 0.992129 0.125218 -0.000000 -0.000000
rq 0.999626 0.027356 -0.000000 -0.000000
rq 0.997903 -0.064723 -0.000000 -0.000000
rq 0.989483 -0.144649 -0.000000 -0.000000
rq 0.978329 -0.207058 -0.000000 -0.000000
rq 0.968882 -0.247523 -0.000000 -0.000000
rq 0.965076 -0.261971 -0.000000 -0.000000
rq 0.968889 -0.247494 -0.000000 -0.000000
rq 0.978350 -0.206960 -0.000000 -0.000000
rq 0.989508 -0.144477 -0.000000 -0.000000
rq 0.997917 -0.064517 -0.000000 -0.000000
rq 0.999621 0.027524 -0.000000 -0.000000
rq 0.992124 0.125257 -0.000000 -0.000000
rq 0.975095 0.221788 -0.000000 -0.000000
rq 0.950568 0.310517 -0.000000 -0.000000
rq 0.922550 0.385878 -0.000000 -0.000000
rq 0.896212 0.443626 0.000000 -0.000000
sc 1.000000 1.000000 1.000000 1.000000
sc 1.000000 1.000000 1.000000 1.000000
sc 1.000000 1.000000 1.000000 1.000000
sc 1.000000 1.000000 1.000000 1.000000
sc 1.000000 1.000000 1.000000 1.000000
sc 1.000000 1.000000 1.000000 1.000000
sc 1.000000 1.000000 1.000000 1.000000
sc 1.000000 1.000000 1.000000 1.000000
sc 1.000000 1.000000 1.000000 1.000000
sc 1.000000 1.000000 1.000000 1.000000
sc 1.000000 1.000000 1.000000 1.000000
sc 1.000000 1.000000 1.000000 1.000000
sc 1.000000 1.000000 1.000000 1.000000
sc 1.000000 1.000000 1.000000 1.000000
sc 1.000000 1.000000 1.000000 1.000000
sc 1.000000 1.000000 1.000000 1.000000
sc 1.000000 1.000000 1.000000 1.000000
sc 1.000000 1.000000 1.000000 1.000000
sc 1.000000 1.000000 1.000000 1.000000
sc 1.000000 1.000000 1.000000 1.000000
sc 1.000000 1.000000 1.000000 1.000000
sc 1.000000 1.000000 1.000000 1.000000
sc 1.000000 1.000000 1.000000 1.000000
bm 1.000000 0.000000 -0.000000 0.000000 -0.000000 0.512694 -0.858571 0.000000 -0.000000 0.858571 0.512694 0.000000 0.000000 -0.176557 2.514808 1.000000
bm 1.000000 -0.000000 -0.000000 0.000000 -0.000000 0.536783 -0.843720 0.000000 0.000000 0.843720 0.536783 0.000000 0.000000 -0.185077 2.437320 1.000000
bm 1.000000 -0.000000 -0.000000 0.000000 -0.000000 0.604913 -0.796292 0.000000 0.000000 0.796292 0.604913 0.000000 0.000000 -0.208118 2.198709 1.000000
bm 1.000000 -0.000000 -0.000000 0.000000 -0.000000 0.701206 -0.712959 0.000000 0.000000 0.712959 0.701206 0.000000 0.000000 -0.213589 1.816812 1.000000
bm 1.000000 -0.000000 -0.000000 0.000000 -0.000000 0.806666 -0.591008 0.000000 0.000000 0.591008 0.806666 0.000000 0.000000 -0.175469 1.312024 1.000000
bm 1.000000 -0.000000 -0.000000 0.000000 -0.000000 0.901479 -0.432823 0.000000 0.000000 0.432823 0.901479 0.000000 -0.000000 -0.117420 0.713925 1.000000
bm 1.000000 -0.000000 -0.000000 0.000000 -0.000000 0.968641 -0.248464 0.000000 0.000000 0.248464 0.968641 0.000000 -0.000000 -0.086500 0.065162 1.000000
bm 1.000000 0.000000 -0.000000 0.000000 -0.000000 0.998503 -0.054692 0.000000 0.000000 0.054692 0.998503 0.000000 -0.000000 -0.113488 -0.582565 1.000000
bm 1.000000 0.000000 -0.000000 0.000000 -0.000000 0.991622 0.129176 0.000000 0.000000 -0.129176 0.991622 0.000000 -0.000000 -0.159385 -1.177902 1.000000
bm 1.000000 0.000000 -0.000000 0.000000 0.000000 0.958153 0.286255 0.000000 0.000000 -0.286255 0.958153 0.000000 -0.000001 -0.194634 -1.679018 1.000000
bm 1.000000 0.000000 -0.000000 0.000000 0.000000 0.914254 0.405142 0.000000 0.000000 -0.405142 0.914254 0.000000 -0.000001 -0.206329 -2.057615 1.000000
bm 1.000000 0.000000 -0.000000 0.000000 0.000000 0.877465 0.479641 0.000000 0.000000 -0.479641 0.877465 0.000000 -0.000001 -0.206164 -2.296150 1.000000
bm 1.000000 0.000000 -0.000000 0.000000 0.000000 0.862743 0.505643 0.000000 0.000000 -0.505643 0.862743 0.000000 -0.000001 -0.205435 -2.379869 1.000000
bm 1.000000 0.000000 -0.000000 0.000000 0.000000 0.877494 0.479589 0.000000 0.000000 -0.479589 0.877494 0.000000 -0.000001 -0.216505 -2.295903 1.000000
bm 1.000000 0.000000 -0.000000 0.000000 0.000000 0.914335 0.404958 0.000000 0.000000 -0.404958 0.914335 0.000000 -0.000001 -0.235895 -2.056761 1.000000
bm 1.000000 0.000000 -0.000000 0.000000 0.000000 0.958253 0.285922 0.000000 0.000000 -0.285922 0.958253 0.000000 -0.000001 -0.234574 -1.677490 1.000000
bm 1.000000 0.000000 -0.000000 0.000000 -0.000000 0.991675 0.128765 0.000000 0.000000 -0.128765 0.991675 0.000000 -0.000000 -0.189030 -1.176012 1.000000
bm 1.000000 0.000000 -0.000000 0.000000 -0.000000 0.998485 -0.055027 0.000000 0.000000 0.055027 0.998485 0.000000 -0.000000 -0.123892 -0.580999 1.000000
bm 1.000000 0.000000 -0.000000 0.000000 -0.000000 0.968621 -0.248542 0.000000 0.000000 0.248542 0.968621 0.000000 -0.000000 -0.086496 0.065541 1.000000
bm 1.000000 0.000000 -0.000000 0.000000 -0.000000 0.901620 -0.432528 0.000000 0.000000 0.432528 0.901620 0.000000 -0.000000 -0.107443 0.712396 1.000000
bm 1.000000 0.000000 -0.000000 0.000000 -0.000000 0.807159 -0.590334 0.000000 0.000000 0.590334 0.807159 0.000000 -0.000000 -0.147395 1.308226 1.000000
bm 1.000000 0.000000 -0.000000 0.000000 -0.000000 0.702196 -0.711983 0.000000 -0.000000 0.711983 0.702196 0.000000 0.000000 -0.176728 1.810722 1.000000
bm 1.000000 0.000000 0.000000 0.000000 -0.000000 0.606391 -0.795166 0.000000 -0.000000 0.795166 0.606391 0.000000 0.000000 -0.183002 2.190898 1.000000
nm kopf
nc 0
lc 0.000000 -0.865644 -0.000001 1.000000
lc 0.000000 -0.827754 -0.000001 1.000000
lc 0.000000 -0.719913 -0.000001 1.000000
lc 0.000000 -0.550865 -0.000000 1.000000
lc 0.000000 -0.341012 -0.000000 1.000000
lc 0.000000 -0.157390 -0.000000 1.000000
lc 0.000000 -0.078695 -0.000000 1.000000
lc 0.000000 -0.147189 -0.000000 1.000000
lc 0.000000 -0.311865 -0.000000 1.000000
lc 0.000000 -0.511517 -0.000000 1.000000
lc 0.000000 -0.690767 -0.000001 1.000000
lc 0.000000 -0.817553 -0.000001 1.000000
lc 0.000000 -0.865644 -0.000001 1.000000
lc 0.000000 -0.827754 -0.000001 1.000000
lc 0.000000 -0.719913 -0.000001 1.000000
lc 0.000000 -0.550865 -0.000000 1.000000
lc 0.000000 -0.341012 -0.000000 1.000000
lc 0.000000 -0.157390 -0.000000 1.000000
lc 0.000000 -0.078695 -0.000000 1.000000
lc 0.000000 -0.147189 -0.000000 1.000000
lc 0.000000 -0.311865 -0.000000 1.000000
lc 0.000000 -0.511517 -0.000000 1.000000
lc 0.000000 -0.690767 -0.000001 1.000000
rq 1.000000 0.000000 0.000000 0.000000
rq 1.000000 0.000000 0.000000 0.000000
rq 1.000000 0.000000 0.000000 0.000000
rq 1.000000 0.000000 0.000000 0.000000
rq 1.000000 0.000000 0.000000 0.000000
rq 1.000000 0.000000 0.000000 0.000000
rq 1.000000 0.000000 0.000000 0.000000
rq 1.000000 0.000000 0.000000 0.000000
rq 1.000000 0.000000 0.000000 0.000000
rq 1.000000 0.000000 0.000000 0.000000
rq 1.000000 0.000000 0.000000 0.000000
rq 1.000000 0.000000 0.000000 0.000000
rq 1.000000 0.000000 0.000000 0.000000
rq 1.000000 0.000000 0.000000 0.000000
rq 1.000000 0.000000 0.000000 0.000000
rq 1.000000 0.000000 0.000000 0.000000
rq 1.000000 0.000000 0.000000 0.000000
rq 1.000000 0.000000 0.000000 0.000000
rq 1.000000 0.000000 0.000000 0.000000
rq 1.000000 0.000000 0.000000 0.000000
rq 1.000000 0.000000 0.000000 0.000000
rq 1.000000 0.000000 0.000000 0.000000
rq 1.000000 0.000000 0.000000 0.000000
sc 1.000000 1.000000 1.000000 1.000000
sc 1.000000 1.000000 1.000000 1.000000
sc 1.000000 1.000000 1.000000 1.000000
sc 1.000000 1.000000 1.000000 1.000000
sc 1.000000 1.000000 1.000000 1.000000
sc 1.000000 1.000000 1.000000 1.000000
sc 1.000000 1.000000 1.000000 1.000000
sc 1.000000 1.000000 1.000000 1.000000
sc 1.000000 1.000000 1.000000 1.000000
sc 1.000000 1.000000 1.000000 1.000000
sc 1.000000 1.000000 1.000000 1.000000
sc 1.000000 1.000000 1.000000 1.000000
sc 1.000000 1.000000 1.000000 1.000000
sc 1.000000 1.000000 1.000000 1.000000
sc 1.000000 1.000000 1.000000 1.000000
sc 1.000000 1.000000 1.000000 1.000000
sc 1.000000 1.000000 1.000000 1.000000
sc 1.000000 1.000000 1.000000 1.000000
sc 1.000000 1.000000 1.000000 1.000000
sc 1.000000 1.000000 1.000000 1.000000
sc 1.000000 1.000000 1.000000 1.000000
sc 1.000000 1.000000 1.000000 1.000000
sc 1.000000 1.000000 1.000000 1.000000
bm 1.000000 0.000000 0.000000 0.000000 0.000000 1.000000 0.000000 0.000000 0.000000 0.000000 1.000000 0.000000 0.000000 -0.865644 -0.000001 1.000000
bm 1.000000 0.000000 0.000000 0.000000 0.000000 1.000000 0.000000 0.000000 0.000000 0.000000 1.000000 0.000000 0.000000 -0.827754 -0.000001 1.000000
bm 1.000000 0.000000 0.000000 0.000000 0.000000 1.000000 0.000000 0.000000 0.000000 0.000000 1.000000 0.000000 0.000000 -0.719913 -0.000001 1.000000
bm 1.000000 0.000000 0.000000 0.000000 0.000000 1.000000 0.000000 0.000000 0.000000 0.000000 1.000000 0.000000 0.000000 -0.550865 -0.000000 1.000000
bm 1.000000 0.000000 0.000000 0.000000 0.000000 1.000000 0.000000 0.000000 0.000000 0.000000 1.000000 0.000000 0.000000 -0.341012 -0.000000 1.000000
bm 1.000000 0.000000 0.000000 0.000000 0.000000 1.000000 0.000000 0.000000 0.000000 0.000000 1.000000 0.000000 0.000000 -0.157390 -0.000000 1.000000
bm 1.000000 0.000000 0.000000 0.000000 0.000000 1.000000 0.000000 0.000000 0.000000 0.000000 1.000000 0.000000 0.000000 -0.078695 -0.000000 1.000000
bm 1.000000 0.000000 0.000000 0.000000 0.000000 1.000000 0.000000 0.000000 0.000000 0.000000 1.000000 0.000000 0.000000 -0.147189 -0.000000 1.000000
bm 1.000000 0.000000 0.000000 0.000000 0.000000 1.000000 0.000000 0.000000 0.000000 0.000000 1.000000 0.000000 0.000000 -0.311865 -0.000000 1.000000
bm 1.000000 0.000000 0.000000 0.000000 0.000000 1.000000 0.000000 0.000000 0.000000 0.000000 1.000000 0.000000 0.000000 -0.511517 -0.000000 1.000000
bm 1.000000 0.000000 0.000000 0.000000 0.000000 1.000000 0.000000 0.000000 0.000000 0.000000 1.000000 0.000000 0.000000 -0.690767 -0.000001 1.000000
bm 1.000000 0.000000 0.000000 0.000000 0.000000 1.000000 0.000000 0.000000 0.000000 0.000000 1.000000 0.000000 0.000000 -0.817553 -0.000001 1.000000
bm 1.000000 0.000000 0.000000 0.000000 0.000000 1.000000 0.000000 0.000000 0.000000 0.000000 1.000000 0.000000 0.000000 -0.865644 -0.000001 1.000000
bm 1.000000 0.000000 0.000000 0.000000 0.000000 1.000000 0.000000 0.000000 0.000000 0.000000 1.000000 0.000000 0.000000 -0.827754 -0.000001 1.000000
bm 1.000000 0.000000 0.000000 0.000000 0.000000 1.000000 0.000000 0.000000 0.000000 0.000000 1.000000 0.000000 0.000000 -0.719913 -0.000001 1.000000
bm 1.000000 0.000000 0.000000 0.000000 0.000000 1.000000 0.000000 0.000000 0.000000 0.000000 1.000000 0.000000 0.000000 -0.550865 -0.000000 1.000000
bm 1.000000 0.000000 0.000000 0.000000 0.000000 1.000000 0.000000 0.000000 0.000000 0.000000 1.000000 0.000000 0.000000 -0.341012 -0.000000 1.000000
bm 1.000000 0.000000 0.000000 0.000000 0.000000 1.000000 0.000000 0.000000 0.000000 0.000000 1.000000 0.000000 0.000000 -0.157390 -0.000000 1.000000
bm 1.000000 0.000000 0.000000 0.000000 0.000000 1.000000 0.000000 0.000000 0.000000 0.000000 1.000000 0.000000 0.000000 -0.078695 -0.000000 1.000000
bm 1.000000 0.000000 0.000000 0.000000 0.000000 1.000000 0.000000 0.000000 0.000000 0.000000 1.000000 0.000000 0.000000 -0.147189 -0.000000 1.000000
bm 1.000000 0.000000 0.000000 0.000000 0.000000 1.000000 0.000000 0.000000 0.000000 0.000000 1.000000 0.000000 0.000000 -0.311865 -0.000000 1.000000
bm 1.000000 0.000000 0.000000 0.000000 0.000000 1.000000 0.000000 0.000000 0.000000 0.000000 1.000000 0.000000 0.000000 -0.511517 -0.000000 1.000000
bm 1.000000 0.000000 0.000000 0.000000 0.000000 1.000000 0.000000 0.000000 0.000000 0.000000 1.000000 0.000000 0.000000 -0.690767 -0.000001 1.000000
nm oberarm.r
nc 1
ch arm.r
lc 0.000000 -0.205435 -2.379869 1.000000
lc 0.000000 -0.212418 -2.302610 1.000000
lc 0.000000 -0.221886 -2.082833 1.000000
lc 0.000000 -0.209644 -1.734848 1.000000
lc 0.000000 -0.157875 -1.275262 1.000000
lc 0.000000 -0.096439 -0.729882 1.000000
lc 0.000000 -0.075973 -0.136148 1.000000
lc 0.000000 -0.127235 0.460185 1.000000
lc 0.000000 -0.207547 1.012680 1.000000
lc 0.000001 -0.281116 1.482056 1.000000
lc 0.000001 -0.327878 1.840006 1.000000
lc 0.000001 -0.352758 2.067334 1.000000
lc 0.000001 -0.361399 2.147498 1.000000
lc 0.000001 -0.361976 2.069378 1.000000
lc 0.000001 -0.354768 1.845406 1.000000
lc 0.000000 -0.318434 1.488290 1.000000
lc 0.000000 -0.235786 1.016906 1.000000
lc 0.000000 -0.137283 0.461839 1.000000
lc 0.000000 -0.075960 -0.136527 1.000000
lc 0.000000 -0.085997 -0.731366 1.000000
lc 0.000000 -0.128213 -1.277056 1.000000
lc 0.000000 -0.169684 -1.736367 1.000000
lc 0.000000 -0.192292 -2.083726 1.000000
rq 0.965076 -0.261971 -0.000000 0.000000
rq 0.967515 -0.252813 0.000000 0.000000
rq 0.973858 -0.227158 0.000000 0.000000
rq 0.982256 -0.187544 0.000000 0.000000
rq 0.990618 -0.136657 0.000000 0.000000
rq 0.996978 -0.077689 0.000000 0.000000
rq 0.999896 -0.014444 0.000000 0.000000
rq 0.998806 0.048859 0.000000 0.000000
rq 0.994152 0.107985 0.000000 0.000000
rq 0.987264 0.159093 0.000000 0.000000
rq 0.980013 0.198933 0.000000 0.000000
rq 0.974414 0.224760 0.000000 0.000000
rq 0.972240 0.233984 0.000000 0.000000
rq 0.974360 0.224994 0.000000 0.000000
rq 0.979889 0.199541 0.000000 0.000000
rq 0.987153 0.159779 0.000000 0.000000
rq 0.994103 0.108441 0.000000 0.000000
rq 0.998797 0.049035 0.000000 0.000000
rq 0.999895 -0.014485 0.000000 0.000000
rq 0.996965 -0.077848 0.000000 0.000000
rq 0.990591 -0.136853 0.000000 0.000000
rq 0.982224 -0.187715 0.000000 0.000000
rq 0.973834 -0.227261 0.000000 0.000000
sc 1.000000 1.000000 1.000000 1.000000
sc 1.000000 1.000000 1.000000 1.000000
sc 1.000000 1.000000 1.000000 1.000000
sc 1.000000 1.000000 1.000000 1.000000
sc 1.000000 1.000000 1.000000 1.000000
sc 1.000000 1.000000 1.000000 1.000000
sc 1.000000 1.000000 1.000000 1.000000
sc 1.000000 1.000000 1.000000 1.000000
sc 1.000000 1.000000 1.000000 1.000000
sc 1.000000 1.000000 1.000000 1.000000
sc 1.000000 1.000000 1.000000 1.000000
sc 1.000000 1.000000 1.000000 1.000000
sc 1.000000 1.000000 1.000000 1.000000
sc 1.000000 1.000000 1.000000 1.000000
sc 1.000000 1.000000 1.000000 1.000000
sc 1.000000 1.000000 1.000000 1.000000
sc 1.000000 1.000000 1.000000 1.000000
sc 1.000000 1.000000 1.000000 1.000000
sc 1.000000 1.000000 1.000000 1.000000
sc 1.000000 1.000000 1.000000 1.000000
sc 1.000000 1.000000 1.000000 1.000000
sc 1.000000 1.000000 1.000000 1.000000
sc 1.000000 1.000000 1.000000 1.000000
bm 1.000000 -0.000000 -0.000000 0.000000 0.000000 0.862743 0.505643 0.000000 -0.000000 -0.505643 0.862743 0.000000 0.000000 -0.205435 -2.379869 1.000000
bm 1.000000 -0.000000 0.000000 0.000000 -0.000000 0.872171 0.489201 0.000000 -0.000000 -0.489201 0.872171 0.000000 0.000000 -0.212418 -2.302610 1.000000
bm 1.000000 -0.000000 0.000000 0.000000 -0.000000 0.896799 0.442439 0.000000 -0.000000 -0.442439 0.896799 0.000000 0.000000 -0.221886 -2.082833 1.000000
bm 1.000000 -0.000000 0.000000 0.000000 -0.000000 0.929654 0.368433 0.000000 -0.000000 -0.368433 0.929654 0.000000 0.000000 -0.209644 -1.734848 1.000000
bm 1.000000 -0.000000 0.000000 0.000000 -0.000000 0.962650 0.270750 0.000000 -0.000000 -0.270750 0.962650 0.000000 0.000000 -0.157875 -1.275262 1.000000
bm 1.000000 -0.000000 0.000000 0.000000 -0.000000 0.987929 0.154909 0.000000 -0.000000 -0.154909 0.987929 0.000000 0.000000 -0.096439 -0.729882 1.000000
bm 1.000000 -0.000000 0.000000 0.000000 -0.000000 0.999583 0.028886 0.000000 -0.000000 -0.028886 0.999583 0.000000 0.000000 -0.075973 -0.136148 1.000000
bm 1.000000 0.000000 0.000000 0.000000 0.000000 0.995226 -0.097600 0.000000 -0.000000 0.097600 0.995226 0.000000 0.000000 -0.127235 0.460185 1.000000
bm 1.000000 0.000000 0.000000 0.000000 0.000000 0.976678 -0.214708 0.000000 -0.000000 0.214708 0.976678 0.000000 0.000000 -0.207547 1.012680 1.000000
bm 1.000000 0.000000 0.000000 0.000000 0.000000 0.949379 -0.314133 0.000000 -0.000000 0.314133 0.949379 0.000000 0.000001 -0.281116 1.482056 1.000000
bm 1.000000 0.000000 0.000000 0.000000 0.000000 0.920852 -0.389913 0.000000 -0.000000 0.389913 0.920852 0.000000 0.000001 -0.327878 1.840006 1.000000
bm 1.000000 0.000000 0.000000 0.000000 0.000000 0.898966 -0.438019 0.000000 -0.000000 0.438019 0.898966 0.000000 0.000001 -0.352758 2.067334 1.000000
bm 1.000000 0.000000 0.000000 0.000000 0.000000 0.890503 -0.454978 0.000000 -0.000000 0.454978 0.890503 0.000000 0.000001 -0.361399 2.147498 1.000000
bm 1.000000 0.000000 0.000000 0.000000 0.000000 0.898755 -0.438451 0.000000 -0.000000 0.438451 0.898755 0.000000 0.000001 -0.361976 2.069378 1.000000
bm 1.000000 0.000000 0.000000 0.000000 0.000000 0.920367 -0.391056 0.000000 -0.000000 0.391056 0.920367 0.000000 0.000001 -0.354768 1.845406 1.000000
bm 1.000000 0.000000 0.000000 0.000000 0.000000 0.948941 -0.315453 0.000000 -0.000000 0.315453 0.948941 0.000000 0.000000 -0.318434 1.488290 1.000000
bm 1.000000 0.000000 0.000000 0.000000 0.000000 0.976481 -0.215603 0.000000 -0.000000 0.215603 0.976481 0.000000 0.000000 -0.235786 1.016906 1.000000
bm 1.000000 0.000000 0.000000 0.000000 0.000000 0.995191 -0.097951 0.000000 -0.000000 0.097951 0.995191 0.000000 0.000000 -0.137283 0.461839 1.000000
bm 1.000000 -0.000000 0.000000 0.000000 -0.000000 0.999580 0.028966 0.000000 -0.000000 -0.028966 0.999580 0.000000 0.000000 -0.075960 -0.136527 1.000000
bm 1.000000 -0.000000 0.000000 0.000000 -0.000000 0.987879 0.155224 0.000000 -0.000000 -0.155224 0.987879 0.000000 0.000000 -0.085997 -0.731366 1.000000
bm 1.000000 -0.000000 0.000000 0.000000 -0.000000 0.962542 0.271131 0.000000 -0.000000 -0.271131 0.962542 0.000000 0.000000 -0.128213 -1.277056 1.000000
bm 1.000000 -0.000000 0.000000 0.000000 -0.000000 0.929526 0.368756 0.000000 -0.000000 -0.368756 0.929526 0.000000 0.000000 -0.169684 -1.736367 1.000000
bm 1.000000 -0.000000 0.000000 0.000000 -0.000000 0.896705 0.442629 0.000000 -0.000000 -0.442629 0.896705 0.000000 0.000000 -0.192292 -2.083726 1.000000
nm arm.r
nc 1
ch hand.r
lc 0.000000 -0.205435 -2.379869 1.000000
lc 0.000000 -0.217891 -2.293079 1.000000
lc 0.000000 -0.240299 -2.045760 1.000000
lc 0.000000 -0.241138 -1.653355 1.000000
lc 0.000000 -0.193980 -1.134781 1.000000
lc 0.000000 -0.121007 -0.520790 1.000000
lc 0.000000 -0.068524 0.143636 1.000000
lc 0.000000 -0.068098 0.804297 1.000000
lc 0.000000 -0.083179 1.407995 1.000000
lc 0.000000 -0.087877 1.912447 1.000000
lc 0.000001 -0.073386 2.290520 1.000000
lc 0.000001 -0.055213 2.527011 1.000000
lc 0.000001 -0.047866 2.609643 1.000000
lc 0.000001 -0.064210 2.528912 1.000000
lc 0.000000 -0.099717 2.295604 1.000000
lc 0.000000 -0.124597 1.918413 1.000000
lc 0.000000 -0.111057 1.412107 1.000000
lc 0.000000 -0.078026 0.805929 1.000000
lc 0.000000 -0.068533 0.143258 1.000000
lc 0.000000 -0.110631 -0.522282 1.000000
lc 0.000000 -0.164374 -1.136589 1.000000
lc 0.000000 -0.201206 -1.654885 1.000000
lc 0.000000 -0.210714 -2.046656 1.000000
rq 0.965076 -0.261971 0.000000 0.000000
rq 0.968189 -0.250221 0.000000 0.000000
rq 0.976099 -0.217324 0.000000 0.000000
rq 0.986026 -0.166593 0.000000 0.000000
rq 0.994829 -0.101563 0.000000 0.000000
rq 0.999650 -0.026447 0.000000 0.000000
rq 0.998553 0.053775 0.000000 0.000000
rq 0.991028 0.133651 0.000000 0.000000
rq 0.978168 0.207815 0.000000 0.000000
rq 0.962432 0.271523 0.000000 0.000000
rq 0.947115 0.320895 0.000000 0.000000
rq 0.935717 0.352752 0.000000 0.000000
rq 0.931360 0.364099 0.000000 0.000000
rq 0.935632 0.352977 0.000000 0.000000
rq 0.946915 0.321483 0.000000 0.000000
rq 0.962243 0.272192 0.000000 0.000000
rq 0.978073 0.208263 0.000000 0.000000
rq 0.991005 0.133825 0.000000 0.000000
rq 0.998555 0.053735 0.000000 0.000000
rq 0.999646 -0.026606 0.000000 0.000000
rq 0.994809 -0.101760 0.000000 0.000000
rq 0.985997 -0.166764 0.000000 0.000000
rq 0.976076 -0.217428 0.000000 0.000000
sc 1.000000 1.000000 1.000000 1.000000
sc 1.000000 1.000000 1.000000 1.000000
sc 1.000000 1.000000 1.000000 1.000000
sc 1.000000 1.000000 1.000000 1.000000
sc 1.000000 1.000000 1.000000 1.000000
sc 1.000000 1.000000 1.000000 1.000000
sc 1.000000 1.000000 1.000000 1.000000
sc 1.000000 1.000000 1.000000 1.000000
sc 1.000000 1.000000 1.000000 1.000000
sc 1.000000 1.000000 1.000000 1.000000
sc 1.000000 1.000000 1.000000 1.000000
sc 1.000000 1.000000 1.000000 1.000000
sc 1.000000 1.000000 1.000000 1.000000
sc 1.000000 1.000000 1.000000 1.000000
sc 1.000000 1.000000 1.000000 1.000000
sc 1.000000 1.000000 1.000000 1.000000
sc 1.000000 1.000000 1.000000 1.000000
sc 1.000000 1.000000 1.000000 1.000000
sc 1.000000 1.000000 1.000000 1.000000
sc 1.000000 1.000000 1.000000 1.000000
sc 1.000000 1.000000 1.000000 1.000000
sc 1.000000 1.000000 1.000000 1.000000
sc 1.000000 1.000000 1.000000 1.000000
bm 1.000000 -0.000000 -0.000000 0.000000 0.000000 0.862743 0.505643 0.000000 -0.000000 -0.505643 0.862743 0.000000 0.000000 -0.205435 -2.379869 1.000000
bm 1.000000 -0.000000 0.000000 0.000000 -0.000000 0.874779 0.484523 0.000000 -0.000000 -0.484523 0.874779 0.000000 0.000000 -0.217891 -2.293079 1.000000
bm 1.000000 -0.000000 0.000000 0.000000 -0.000000 0.905540 0.424260 0.000000 -0.000000 -0.424260 0.905540 0.000000 0.000000 -0.240299 -2.045760 1.000000
bm 1.000000 -0.000000 0.000000 0.000000 -0.000000 0.944494 0.328529 0.000000 -0.000000 -0.328529 0.944494 0.000000 0.000000 -0.241138 -1.653355 1.000000
bm 1.000000 -0.000000 0.000000 0.000000 -0.000000 0.979370 0.202076 0.000000 -0.000000 -0.202076 0.979370 0.000000 0.000000 -0.193980 -1.134781 1.000000
bm 1.000000 -0.000000 0.000000 0.000000 0.000000 0.998601 0.052875 0.000000 -0.000000 -0.052875 0.998601 0.000000 0.000000 -0.121007 -0.520790 1.000000
bm 1.000000 -0.000000 0.000000 0.000000 0.000000 0.994217 -0.107394 0.000000 -0.000000 0.107394 0.994217 0.000000 0.000000 -0.068524 0.143636 1.000000
bm 1.000000 0.000000 0.000000 0.000000 0.000000 0.964275 -0.264904 0.000000 -0.000000 0.264904 0.964275 0.000000 0.000000 -0.068098 0.804297 1.000000
bm 1.000000 0.000000 0.000000 0.000000 0.000000 0.913626 -0.406556 0.000000 -0.000000 0.406556 0.913626 0.000000 0.000000 -0.083179 1.407995 1.000000
bm 1.000000 0.000000 0.000000 0.000000 0.000000 0.852551 -0.522644 0.000000 -0.000000 0.522644 0.852551 0.000000 0.000000 -0.087877 1.912447 1.000000
bm 1.000000 0.000000 0.000000 0.000000 0.000000 0.794053 -0.607849 0.000000 -0.000000 0.607849 0.794053 0.000000 0.000001 -0.073386 2.290520 1.000000
bm 1.000000 0.000000 0.000000 0.000000 0.000000 0.751132 -0.660152 0.000000 -0.000000 0.660152 0.751132 0.000000 0.000001 -0.055213 2.527011 1.000000
bm 1.000000 0.000000 0.000000 0.000000 0.000000 0.734863 -0.678215 0.000000 -0.000000 0.678215 0.734863 0.000000 0.000001 -0.047866 2.609643 1.000000
bm 1.000000 0.000000 0.000000 0.000000 0.000000 0.750814 -0.660513 0.000000 -0.000000 0.660513 0.750814 0.000000 0.000001 -0.064210 2.528912 1.000000
bm 1.000000 0.000000 0.000000 0.000000 0.000000 0.793297 -0.608834 0.000000 -0.000000 0.608834 0.793297 0.000000 0.000000 -0.099717 2.295604 1.000000
bm 1.000000 0.000000 0.000000 0.000000 0.000000 0.851823 -0.523830 0.000000 -0.000000 0.523830 0.851823 0.000000 0.000000 -0.124597 1.918413 1.000000
bm 1.000000 0.000000 0.000000 0.000000 0.000000 0.913253 -0.407393 0.000000 -0.000000 0.407393 0.913253 0.000000 0.000000 -0.111057 1.412107 1.000000
bm 1.000000 0.000000 0.000000 0.000000 0.000000 0.964181 -0.265243 0.000000 -0.000000 0.265243 0.964181 0.000000 0.000000 -0.078026 0.805929 1.000000
bm 1.000000 0.000000 0.000000 0.000000 0.000000 0.994225 -0.107315 0.000000 -0.000000 0.107315 0.994225 0.000000 0.000000 -0.068533 0.143258 1.000000
bm 1.000000 -0.000000 0.000000 0.000000 0.000000 0.998584 0.053194 0.000000 -0.000000 -0.053194 0.998584 0.000000 0.000000 -0.110631 -0.522282 1.000000
bm 1.000000 -0.000000 0.000000 0.000000 -0.000000 0.979290 0.202464 0.000000 -0.000000 -0.202464 0.979290 0.000000 0.000000 -0.164374 -1.136589 1.000000
bm 1.000000 -0.000000 0.000000 0.000000 -0.000000 0.944380 0.328857 0.000000 -0.000000 -0.328857 0.944380 0.000000 0.000000 -0.201206 -1.654885 1.000000
bm 1.000000 -0.000000 0.000000 0.000000 -0.000000 0.905450 0.424452 0.000000 -0.000000 -0.424452 0.905450 0.000000 0.000000 -0.210714 -2.046656 1.000000
nm hand.r
nc 0
lc 0.000000 -0.205435 -2.379869 1.000000
lc 0.000000 -0.216505 -2.295903 1.000000
lc 0.000000 -0.235895 -2.056761 1.000000
lc 0.000000 -0.234574 -1.677490 1.000000
lc 0.000000 -0.189030 -1.176012 1.000000
lc 0.000000 -0.123892 -0.580999 1.000000
lc 0.000000 -0.086496 0.065541 1.000000
lc 0.000000 -0.107443 0.712396 1.000000
lc 0.000000 -0.147395 1.308226 1.000000
lc 0.000000 -0.176728 1.810722 1.000000
lc 0.000001 -0.183002 2.190898 1.000000
lc 0.000001 -0.178828 2.430634 1.000000
lc 0.000001 -0.176557 2.514807 1.000000
lc 0.000001 -0.187871 2.432595 1.000000
lc 0.000001 -0.209457 2.196118 1.000000
lc 0.000001 -0.213589 1.816811 1.000000
lc 0.000000 -0.175363 1.312397 1.000000
lc 0.000000 -0.117402 0.714042 1.000000
lc 0.000000 -0.086499 0.065162 1.000000
lc 0.000000 -0.113497 -0.582492 1.000000
lc 0.000000 -0.159407 -1.177818 1.000000
lc 0.000000 -0.194634 -1.679018 1.000000
lc 0.000000 -0.206308 -2.057657 1.000000
rq 0.965076 -0.261971 0.000000 0.000000
rq 0.968889 -0.247494 0.000000 0.000000
rq 0.978350 -0.206960 0.000000 0.000000
rq 0.989508 -0.144477 0.000000 0.000000
rq 0.997917 -0.064517 0.000000 0.000000
rq 0.999621 0.027524 0.000000 0.000000
rq 0.992124 0.125257 0.000000 0.000000
rq 0.975095 0.221788 0.000000 0.000000
rq 0.950568 0.310517 0.000000 0.000000
rq 0.922550 0.385878 0.000000 0.000000
rq 0.896212 0.443626 0.000000 0.000000
rq 0.876974 0.480538 0.000000 0.000000
rq 0.869682 0.493612 0.000000 0.000000
rq 0.876859 0.480748 0.000000 0.000000
rq 0.895936 0.444183 0.000000 0.000000
rq 0.922281 0.386519 0.000000 0.000000
rq 0.950426 0.310952 0.000000 0.000000
rq 0.975056 0.221960 0.000000 0.000000
rq 0.992129 0.125218 0.000000 0.000000
rq 0.999626 0.027364 0.000000 0.000000
rq 0.997904 -0.064714 0.000000 0.000000
rq 0.989483 -0.144649 0.000000 0.000000
rq 0.978328 -0.207063 0.000000 0.000000
sc 1.000000 1.000000 1.000000 1.000000
sc 1.000000 1.000000 1.000000 1.000000
sc 1.000000 1.000000 1.000000 1.000000
sc 1.000000 1.000000 1.000000 1.000000
sc 1.000000 1.000000 1.000000 1.000000
sc 1.000000 1.000000 1.000000 1.000000
sc 1.000000 1.000000 1.000000 1.000000
sc 1.000000 1.000000 1.000000 1.000000
sc 1.000000 1.000000 1.000000 1.000000
sc 1.000000 1.000000 1.000000 1.000000
sc 1.000000 1.000000 1.000000 1.000000
sc 1.000000 1.000000 1.000000 1.000000
sc 1.000000 1.000000 1.000000 1.000000
sc 1.000000 1.000000 1.000000 1.000000
sc 1.000000 1.000000 1.000000 1.000000
sc 1.000000 1.000000 1.000000 1.000000
sc 1.000000 1.000000 1.000000 1.000000
sc 1.000000 1.000000 1.000000 1.000000
sc 1.000000 1.000000 1.000000 1.000000
sc 1.000000 1.000000 1.000000 1.000000
sc 1.000000 1.000000 1.000000 1.000000
sc 1.000000 1.000000 1.000000 1.000000
sc 1.000000 1.000000 1.000000 1.000000
bm 1.000000 -0.000000 -0.000000 0.000000 0.000000 0.862743 0.505643 0.000000 -0.000000 -0.505643 0.862743 0.000000 0.000000 -0.205435 -2.379869 1.000000
bm 1.000000 -0.000000 0.000000 0.000000 -0.000000 0.877494 0.479589 0.000000 -0.000000 -0.479589 0.877494 0.000000 0.000000 -0.216505 -2.295903 1.000000
bm 1.000000 -0.000000 0.000000 0.000000 -0.000000 0.914335 0.404958 0.000000 -0.000000 -0.404958 0.914335 0.000000 0.000000 -0.235895 -2.056761 1.000000
bm 1.000000 -0.000000 0.000000 0.000000 -0.000000 0.958253 0.285922 0.000000 -0.000000 -0.285922 0.958253 0.000000 0.000000 -0.234574 -1.677490 1.000000
bm 1.000000 -0.000000 0.000000 0.000000 0.000000 0.991675 0.128765 0.000000 -0.000000 -0.128765 0.991675 0.000000 0.000000 -0.189030 -1.176012 1.000000
bm 1.000000 -0.000000 0.000000 0.000000 0.000000 0.998485 -0.055027 0.000000 -0.000000 0.055027 0.998485 0.000000 0.000000 -0.123892 -0.580999 1.000000
bm 1.000000 0.000000 0.000000 0.000000 0.000000 0.968621 -0.248542 0.000000 -0.000000 0.248542 0.968621 0.000000 0.000000 -0.086496 0.065541 1.000000
bm 1.000000 0.000000 0.000000 0.000000 0.000000 0.901620 -0.432528 0.000000 -0.000000 0.432528 0.901620 0.000000 0.000000 -0.107443 0.712396 1.000000
bm 1.000000 0.000000 0.000000 0.000000 0.000000 0.807159 -0.590334 0.000000 -0.000000 0.590334 0.807159 0.000000 0.000000 -0.147395 1.308226 1.000000
bm 1.000000 0.000000 0.000000 0.000000 0.000000 0.702196 -0.711983 0.000000 -0.000000 0.711983 0.702196 0.000000 0.000000 -0.176728 1.810722 1.000000
bm 1.000000 0.000000 0.000000 0.000000 0.000000 0.606391 -0.795166 0.000000 -0.000000 0.795166 0.606391 0.000000 0.000001 -0.183002 2.190898 1.000000
bm 1.000000 0.000000 0.000000 0.000000 0.000000 0.538167 -0.842838 0.000000 -0.000000 0.842838 0.538167 0.000000 0.000001 -0.178828 2.430634 1.000000
bm 1.000000 0.000000 0.000000 0.000000 0.000000 0.512694 -0.858571 0.000000 -0.000000 0.858571 0.512694 0.000000 0.000001 -0.176557 2.514807 1.000000
bm 1.000000 0.000000 0.000000 0.000000 0.000000 0.537762 -0.843097 0.000000 -0.000000 0.843097 0.537762 0.000000 0.000001 -0.187871 2.432595 1.000000
bm 1.000000 0.000000 0.000000 0.000000 0.000000 0.605404 -0.795919 0.000000 -0.000000 0.795919 0.605404 0.000000 0.000001 -0.209457 2.196118 1.000000
bm 1.000000 0.000000 0.000000 0.000000 0.000000 0.701206 -0.712959 0.000000 -0.000000 0.712959 0.701206 0.000000 0.000001 -0.213589 1.816811 1.000000
bm 1.000000 0.000000 0.000000 0.000000 0.000000 0.806617 -0.591074 0.000000 -0.000000 0.591074 0.806617 0.000000 0.000000 -0.175363 1.312397 1.000000
bm 1.000000 0.000000 0.000000 0.000000 0.000000 0.901468 -0.432846 0.000000 -0.000000 0.432846 0.901468 0.000000 0.000000 -0.117402 0.714042 1.000000
bm 1.000000 0.000000 0.000000 0.000000 0.000000 0.968641 -0.248464 0.000000 -0.000000 0.248464 0.968641 0.000000 0.000000 -0.086499 0.065162 1.000000
bm 1.000000 -0.000000 0.000000 0.000000 0.000000 0.998502 -0.054708 0.000000 -0.000000 0.054708 0.998502 0.000000 0.000000 -0.113497 -0.582492 1.000000
bm 1.000000 -0.000000 0.000000 0.000000 0.000000 0.991624 0.129157 0.000000 -0.000000 -0.129157 0.991624 0.000000 0.000000 -0.159407 -1.177818 1.000000
bm 1.000000 -0.000000 0.000000 0.000000 0.000000 0.958153 0.286255 0.000000 -0.000000 -0.286255 0.958153 0.000000 0.000000 -0.194634 -1.679018 1.000000
bm 1.000000 -0.000000 0.000000 0.000000 0.000000 0.914250 0.405151 0.000000 -0.000000 -0.405151 0.914250 0.000000 0.000000 -0.206308 -2.057657 1.000000
nm bein.l
nc 1
ch schienbein.l
lc 0.000000 -0.897840 0.183158 1.000000
lc 0.000000 -0.854953 0.171295 1.000000
lc 0.000000 -0.732367 0.127143 1.000000
lc 0.000000 -0.551355 0.058762 1.000000
lc 0.000000 -0.343064 -0.021544 1.000000
lc 0.000000 -0.177170 -0.098980 1.000000
lc 0.000000 -0.125414 -0.160375 1.000000
lc 0.000000 -0.218822 -0.200113 1.000000
lc 0.000000 -0.401426 -0.223310 1.000000
lc 0.000000 -0.611966 -0.235802 1.000000
lc 0.000000 -0.796693 -0.241699 1.000000
lc 0.000000 -0.925306 -0.243612 1.000000
lc 0.000000 -0.973381 -0.243596 1.000000
lc 0.000000 -0.929475 -0.237194 1.000000
lc 0.000000 -0.806047 -0.219147 1.000000
lc 0.000000 -0.615227 -0.189572 1.000000
lc 0.000000 -0.381647 -0.148772 1.000000
lc 0.000000 -0.176962 -0.098366 1.000000
lc 0.000000 -0.083774 -0.041704 1.000000
lc 0.000000 -0.146430 0.016473 1.000000
lc 0.000000 -0.313582 0.071023 1.000000
lc 0.000000 -0.521518 0.117529 1.000000
lc 0.000000 -0.711112 0.152918 1.000000
rq 0.971048 -0.238886 0.000000 0.000000
rq 0.974865 -0.222796 0.000000 0.000000
rq 0.986443 -0.164106 0.000000 0.000000
rq 0.997147 -0.075487 0.000000 0.000000
rq 0.999614 0.027799 0.000000 0.000000
rq 0.991559 0.129659 0.000000 0.000000
rq 0.976708 0.214574 0.000000 -0.000000
rq 0.962006 0.273029 0.000000 -0.000000
rq 0.951041 0.309065 0.000000 -0.000000
rq 0.944247 0.329238 0.000000 -0.000000
rq 0.940793 0.338983 0.000000 -0.000000
rq 0.939635 0.342178 0.000000 -0.000000
rq 0.939645 0.342150 0.000000 0.000000
rq 0.943447 0.331524 0.000000 0.000000
rq 0.953159 0.302469 0.000000 0.000000
rq 0.966367 0.257168 0.000000 0.000000
rq 0.980181 0.198106 0.000000 0.000000
rq 0.991666 0.128833 0.000000 0.000000
rq 0.998543 0.053966 0.000000 0.000000
rq 0.999776 -0.021183 0.000000 0.000000
rq 0.995827 -0.091260 0.000000 0.000000
rq 0.988454 -0.151519 0.000000 0.000000
rq 0.980169 -0.198163 0.000000 0.000000
sc 1.000000 1.000000 1.000000 1.000000
sc 1.000000 1.000000 1.000000 1.000000
sc 1.000000 1.000000 1.000000 1.000000
sc 1.000000 1.000000 1.000000 1.000000
sc 1.000000 1.000000 1.000000 1.000000
sc 1.000000 1.000000 1.000000 1.000000
sc 1.000000 1.000000 1.000000 1.000000
sc 1.000000 1.000000 1.000000 1.000000
sc 1.000000 1.000000 1.000000 1.000000
sc 1.000000 1.000000 1.000000 1.000000
sc 1.000000 1.000000 1.000000 1.000000
sc 1.000000 1.000000 1.000000 1.000000
sc 1.000000 1.000000 1.000000 1.000000
sc 1.000000 1.000000 1.000000 1.000000
sc 1.000000 1.000000 1.000000 1.000000
sc 1.000000 1.000000 1.000000 1.000000
sc 1.000000 1.000000 1.000000 1.000000
sc 1.000000 1.000000 1.000000 1.000000
sc 1.000000 1.000000 1.000000 1.000000
sc 1.000000 1.000000 1.000000 1.000000
sc 1.000000 1.000000 1.000000 1.000000
sc 1.000000 1.000000 1.000000 1.000000
sc 1.000000 1.000000 1.000000 1.000000
bm 1.000000 -0.000000 0.000000 0.000000 -0.000000 0.885867 0.463939 0.000000 -0.000000 -0.463939 0.885867 0.000000 0.000000 -0.897840 0.183158 1.000000
bm 1.000000 -0.000000 0.000000 0.000000 -0.000000 0.900724 0.434392 0.000000 -0.000000 -0.434392 0.900724 0.000000 0.000000 -0.854953 0.171295 1.000000
bm 1.000000 -0.000000 0.000000 0.000000 -0.000000 0.946139 0.323762 0.000000 -0.000000 -0.323762 0.946139 0.000000 0.000000 -0.732367 0.127143 1.000000
bm 1.000000 -0.000000 0.000000 0.000000 -0.000000 0.988603 0.150543 0.000000 -0.000000 -0.150543 0.988603 0.000000 0.000000 -0.551355 0.058762 1.000000
bm 1.000000 0.000000 0.000000 0.000000 0.000000 0.998454 -0.055577 0.000000 -0.000000 0.055577 0.998454 0.000000 0.000000 -0.343064 -0.021544 1.000000
bm 1.000000 0.000000 0.000000 0.000000 0.000000 0.966377 -0.257130 0.000000 -0.000000 0.257130 0.966377 0.000000 0.000000 -0.177170 -0.098980 1.000000
bm 1.000000 0.000000 0.000000 0.000000 -0.000000 0.907916 -0.419152 0.000000 -0.000000 0.419152 0.907916 0.000000 0.000000 -0.125414 -0.160375 1.000000
bm 1.000000 0.000000 0.000000 0.000000 -0.000000 0.850910 -0.525311 0.000000 -0.000000 0.525311 0.850910 0.000000 0.000000 -0.218822 -0.200113 1.000000
bm 1.000000 0.000000 0.000000 0.000000 -0.000000 0.808958 -0.587867 0.000000 -0.000000 0.587867 0.808958 0.000000 0.000000 -0.401426 -0.223310 1.000000
bm 1.000000 0.000000 0.000000 0.000000 -0.000000 0.783204 -0.621764 0.000000 -0.000000 0.621764 0.783204 0.000000 0.000000 -0.611966 -0.235802 1.000000
bm 1.000000 0.000000 0.000000 0.000000 -0.000000 0.770181 -0.637825 0.000000 -0.000000 0.637825 0.770181 0.000000 0.000000 -0.796693 -0.241699 1.000000
bm 1.000000 0.000000 0.000000 0.000000 -0.000000 0.765829 -0.643044 0.000000 -0.000000 0.643044 0.765829 0.000000 0.000000 -0.925306 -0.243612 1.000000
bm 1.000000 0.000000 0.000000 0.000000 0.000000 0.765867 -0.642999 0.000000 -0.000000 0.642999 0.765867 0.000000 0.000000 -0.973381 -0.243596 1.000000
bm 1.000000 0.000000 0.000000 0.000000 0.000000 0.780184 -0.625551 0.000000 -0.000000 0.625551 0.780184 0.000000 0.000000 -0.929475 -0.237194 1.000000
bm 1.000000 0.000000 0.000000 0.000000 0.000000 0.817025 -0.576603 0.000000 -0.000000 0.576603 0.817025 0.000000 0.000000 -0.806047 -0.219147 1.000000
bm 1.000000 0.000000 0.000000 0.000000 0.000000 0.867729 -0.497037 0.000000 -0.000000 0.497037 0.867729 0.000000 0.000000 -0.615227 -0.189572 1.000000
bm 1.000000 0.000000 0.000000 0.000000 0.000000 0.921508 -0.388359 0.000000 -0.000000 0.388359 0.921508 0.000000 0.000000 -0.381647 -0.148772 1.000000
bm 1.000000 0.000000 0.000000 0.000000 0.000000 0.966804 -0.255520 0.000000 -0.000000 0.255520 0.966804 0.000000 0.000000 -0.176962 -0.098366 1.000000
bm 1.000000 0.000000 0.000000 0.000000 0.000000 0.994175 -0.107776 0.000000 -0.000000 0.107776 0.994175 0.000000 0.000000 -0.083774 -0.041704 1.000000
bm 1.000000 -0.000000 0.000000 0.000000 -0.000000 0.999103 0.042356 0.000000 -0.000000 -0.042356 0.999103 0.000000 0.000000 -0.146430 0.016473 1.000000
bm 1.000000 -0.000000 0.000000 0.000000 -0.000000 0.983343 0.181759 0.000000 -0.000000 -0.181759 0.983343 0.000000 0.000000 -0.313582 0.071023 1.000000
bm 1.000000 -0.000000 0.000000 0.000000 -0.000000 0.954084 0.299540 0.000000 -0.000000 -0.299540 0.954084 0.000000 0.000000 -0.521518 0.117529 1.000000
bm 1.000000 -0.000000 0.000000 0.000000 -0.000000 0.921463 0.388467 0.000000 -0.000000 -0.388467 0.921463 0.000000 0.000000 -0.711112 0.152918 1.000000
nm schienbein.l
nc 1
ch fuss.l
lc 0.000000 -1.286930 0.783705 1.000000
lc 0.000000 -1.877741 1.455516 1.000000
lc 0.000000 -2.192341 2.007927 1.000000
lc 0.000000 -2.132888 2.545825 1.000000
lc 0.000000 -1.716681 3.035646 1.000000
lc 0.000000 -1.091470 3.380597 1.000000
lc -0.000000 -0.485892 3.503733 1.000000
lc -0.000000 -0.036664 3.292646 1.000000
lc -0.000000 0.205659 2.730476 1.000000
lc -0.000000 0.183186 1.978909 1.000000
lc -0.000000 -0.049254 1.248909 1.000000
lc -0.000000 -0.333977 0.727736 1.000000
lc 0.000000 -0.468349 0.533362 1.000000
lc 0.000000 -0.428932 0.580463 1.000000
lc 0.000000 -0.336168 0.684074 1.000000
lc 0.000000 -0.224924 0.785305 1.000000
lc 0.000000 -0.117208 0.824242 1.000000
lc 0.000000 -0.051086 0.808544 1.000000
lc 0.000000 -0.083162 0.779509 1.000000
lc 0.000000 -0.254185 0.772569 1.000000
lc 0.000000 -0.516460 0.780826 1.000000
lc 0.000000 -0.804323 0.789207 1.000000
lc 0.000000 -1.052594 0.789485 1.000000
rq 0.942437 -0.334382 0.000000 -0.000000
rq 0.898194 -0.439599 0.000000 -0.000000
rq 0.876372 -0.481635 0.000000 -0.000000
rq 0.878483 -0.477773 0.000000 -0.000000
rq 0.897224 -0.441577 0.000000 -0.000000
rq 0.923283 -0.384120 0.000000 -0.000000
rq 0.948732 -0.316081 0.000000 0.000000
rq 0.973275 -0.229642 0.000000 0.000000
rq 0.992954 -0.118501 0.000000 0.000000
rq 0.999998 0.001927 0.000000 0.000000
rq 0.993770 0.111450 0.000000 0.000000
rq 0.981941 0.189189 0.000000 0.000000
rq 0.975918 0.218137 0.000000 -0.000000
rq 0.979239 0.202710 0.000000 -0.000000
rq 0.986395 0.164390 0.000000 -0.000000
rq 0.993571 0.113209 0.000000 -0.000000
rq 0.998280 0.058629 0.000000 -0.000000
rq 0.999999 0.001447 0.000000 -0.000000
rq 0.998169 -0.060486 0.000000 -0.000000
rq 0.991863 -0.127306 0.000000 -0.000000
rq 0.981186 -0.193067 0.000000 -0.000000
rq 0.967994 -0.250972 0.000000 -0.000000
rq 0.955287 -0.295679 0.000000 -0.000000
sc 1.000000 1.000000 1.000000 1.000000
sc 1.000000 1.000000 1.000000 1.000000
sc 1.000000 1.000000 1.000000 1.000000
sc 1.000000 1.000000 1.000000 1.000000
sc 1.000000 1.000000 1.000000 1.000000
sc 1.000000 1.000000 1.000000 1.000000
sc 1.000000 1.000000 1.000000 1.000000
sc 1.000000 1.000000 1.000000 1.000000
sc 1.000000 1.000000 1.000000 1.000000
sc 1.000000 1.000000 1.000000 1.000000
sc 1.000000 1.000000 1.000000 1.000000
sc 1.000000 1.000000 1.000000 1.000000
sc 1.000000 1.000000 1.000000 1.000000
sc 1.000000 1.000000 1.000000 1.000000
sc 1.000000 1.000000 1.000000 1.000000
sc 1.000000 1.000000 1.000000 1.000000
sc 1.000000 1.000000 1.000000 1.000000
sc 1.000000 1.000000 1.000000 1.000000
sc 1.000000 1.000000 1.000000 1.000000
sc 1.000000 1.000000 1.000000 1.000000
sc 1.000000 1.000000 1.000000 1.000000
sc 1.000000 1.000000 1.000000 1.000000
sc 1.000000 1.000000 1.000000 1.000000
bm 1.000000 -0.000000 0.000000 0.000000 -0.000000 0.776377 0.630269 0.000000 -0.000000 -0.630269 0.776377 0.000000 0.000000 -1.286930 0.783705 1.000000
bm 1.000000 -0.000000 0.000000 0.000000 -0.000000 0.613506 0.789690 0.000000 -0.000000 -0.789690 0.613506 0.000000 0.000000 -1.877741 1.455516 1.000000
bm 1.000000 -0.000000 0.000000 0.000000 -0.000000 0.536055 0.844183 0.000000 -0.000000 -0.844183 0.536055 0.000000 0.000000 -2.192341 2.007927 1.000000
bm 1.000000 -0.000000 0.000000 0.000000 -0.000000 0.543465 0.839432 0.000000 -0.000000 -0.839432 0.543465 0.000000 0.000000 -2.132888 2.545825 1.000000
bm 1.000000 -0.000000 0.000000 0.000000 -0.000000 0.610020 0.792386 0.000000 -0.000000 -0.792386 0.610020 0.000000 0.000000 -1.716681 3.035646 1.000000
bm 1.000000 0.000000 0.000000 0.000000 -0.000000 0.704904 0.709303 0.000000 -0.000000 -0.709303 0.704904 0.000000 0.000000 -1.091470 3.380597 1.000000
bm 1.000000 -0.000000 0.000000 0.000000 -0.000000 0.800186 0.599752 0.000000 -0.000000 -0.599752 0.800186 0.000000 -0.000000 -0.485892 3.503733 1.000000
bm 1.000000 -0.000000 0.000000 0.000000 0.000000 0.894529 0.447009 0.000000 -0.000000 -0.447009 0.894529 0.000000 -0.000000 -0.036664 3.292646 1.000000
bm 1.000000 -0.000000 0.000000 0.000000 0.000000 0.971915 0.235331 0.000000 -0.000000 -0.235331 0.971915 0.000000 -0.000000 0.205659 2.730476 1.000000
bm 1.000000 -0.000000 0.000000 0.000000 0.000000 0.999992 -0.003853 0.000000 -0.000000 0.003853 0.999993 0.000000 -0.000000 0.183186 1.978909 1.000000
bm 1.000000 -0.000000 0.000000 0.000000 0.000000 0.975158 -0.221511 0.000000 -0.000000 0.221511 0.975158 0.000000 -0.000000 -0.049254 1.248909 1.000000
bm 1.000000 -0.000000 0.000000 0.000000 0.000000 0.928415 -0.371544 0.000000 -0.000000 0.371544 0.928415 0.000000 -0.000000 -0.333977 0.727736 1.000000
bm 1.000000 0.000000 0.000000 0.000000 0.000000 0.904833 -0.425767 0.000000 -0.000000 0.425767 0.904833 0.000000 0.000000 -0.468349 0.533362 1.000000
bm 1.000000 0.000000 0.000000 0.000000 0.000000 0.917817 -0.397003 0.000000 -0.000000 0.397003 0.917817 0.000000 0.000000 -0.428932 0.580463 1.000000
bm 1.000000 0.000000 0.000000 0.000000 0.000000 0.945952 -0.324307 0.000000 -0.000000 0.324307 0.945952 0.000000 0.000000 -0.336168 0.684074 1.000000
bm 1.000000 0.000000 0.000000 0.000000 0.000000 0.974368 -0.224962 0.000000 -0.000000 0.224962 0.974368 0.000000 0.000000 -0.224924 0.785305 1.000000
bm 1.000000 0.000000 0.000000 0.000000 -0.000000 0.993125 -0.117057 0.000000 -0.000000 0.117057 0.993125 0.000000 0.000000 -0.117208 0.824242 1.000000
bm 1.000000 0.000000 0.000000 0.000000 -0.000000 0.999996 -0.002893 0.000000 -0.000000 0.002893 0.999996 0.000000 0.000000 -0.051086 0.808544 1.000000
bm 1.000000 0.000000 0.000000 0.000000 -0.000000 0.992683 0.120750 0.000000 -0.000000 -0.120750 0.992683 0.000000 0.000000 -0.083162 0.779509 1.000000
bm 1.000000 0.000000 0.000000 0.000000 -0.000000 0.967586 0.252541 0.000000 -0.000000 -0.252541 0.967586 0.000000 0.000000 -0.254185 0.772569 1.000000
bm 1.000000 -0.000000 0.000000 0.000000 -0.000000 0.925450 0.378869 0.000000 -0.000000 -0.378869 0.925450 0.000000 0.000000 -0.516460 0.780826 1.000000
bm 1.000000 -0.000000 0.000000 0.000000 -0.000000 0.874026 0.485880 0.000000 -0.000000 -0.485880 0.874026 0.000000 0.000000 -0.804323 0.789207 1.000000
bm 1.000000 -0.000000 0.000000 0.000000 -0.000000 0.825147 0.564918 0.000000 -0.000000 -0.564918 0.825147 0.000000 0.000000 -1.052594 0.789485 1.000000
nm fuss.l
nc 0
lc 0.000000 -0.607134 -0.223504 1.000000
lc 0.000000 -1.009261 0.652181 1.000000
lc 0.000000 -1.316987 1.348478 1.000000
lc 0.000000 -1.359921 1.963677 1.000000
lc 0.000000 -1.105574 2.503914 1.000000
lc 0.000000 -0.667956 2.917947 1.000000
lc 0.000000 -0.244424 3.158443 1.000000
lc -0.000000 0.050241 3.110781 1.000000
lc -0.000000 0.206747 2.725906 1.000000
lc -0.000000 0.183031 2.104494 1.000000
lc -0.000000 -0.012669 1.416373 1.000000
lc -0.000000 -0.255514 0.930515 1.000000
lc 0.000000 -0.316815 0.875014 1.000000
lc 0.000000 -0.148783 1.333917 1.000000
lc 0.000000 -0.016325 1.988789 1.000000
lc 0.000000 -0.034763 2.382296 1.000000
lc 0.000000 -0.072314 2.024275 1.000000
lc 0.000000 -0.053445 1.045587 1.000000
lc 0.000000 -0.033734 -0.100397 1.000000
lc 0.000000 -0.027575 -1.018882 1.000000
lc 0.000000 0.001862 -1.579351 1.000000
lc 0.000000 0.023860 -1.715698 1.000000
lc 0.000000 -0.088909 -1.267346 1.000000
rq 0.967313 -0.253587 0.000000 -0.000000
rq 0.931301 -0.364250 0.000000 -0.000000
rq 0.910515 -0.413476 0.000000 -0.000000
rq 0.908629 -0.417604 0.000000 -0.000000
rq 0.920663 -0.390357 0.000000 -0.000000
rq 0.939152 -0.343502 0.000000 -0.000000
rq 0.957582 -0.288160 0.000000 0.000000
rq 0.976397 -0.215984 0.000000 0.000000
rq 0.992993 -0.118176 0.000000 0.000000
rq 0.999977 -0.006803 0.000000 0.000000
rq 0.995027 0.099602 0.000000 0.000000
rq 0.984688 0.174327 0.000000 0.000000
rq 0.981256 0.192710 0.000000 -0.000000
rq 0.989035 0.147679 0.000000 -0.000000
rq 0.997436 0.071568 0.000000 -0.000000
rq 0.999999 0.001430 0.000000 -0.000000
rq 0.999690 -0.024902 0.000000 -0.000000
rq 0.999887 -0.015031 0.000000 -0.000000
rq 1.000000 0.000773 0.000000 -0.000000
rq 0.999998 -0.001808 0.000000 -0.000000
rq 0.999674 -0.025524 0.000000 -0.000000
rq 0.997602 -0.069205 0.000000 -0.000000
rq 0.989988 -0.141150 0.000000 -0.000000
sc 1.000000 1.000000 1.000000 1.000000
sc 1.000000 1.000000 1.000000 1.000000
sc 1.000000 1.000000 1.000000 1.000000
sc 1.000000 1.000000 1.000000 1.000000
sc 1.000000 1.000000 1.000000 1.000000
sc 1.000000 1.000000 1.000000 1.000000
sc 1.000000 1.000000 1.000000 1.000000
sc 1.000000 1.000000 1.000000 1.000000
sc 1.000000 1.000000 1.000000 1.000000
sc 1.000000 1.000000 1.000000 1.000000
sc 1.000000 1.000000 1.000000 1.000000
sc 1.000000 1.000000 1.000000 1.000000
sc 1.000000 1.000000 1.000000 1.000000
sc 1.000000 1.000000 1.000000 1.000000
sc 1.000000 1.000000 1.000000 1.000000
sc 1.000000 1.000000 1.000000 1.000000
sc 1.000000 1.000000 1.000000 1.000000
sc 1.000000 1.000000 1.000000 1.000000
sc 1.000000 1.000000 1.000000 1.000000
sc 1.000000 1.000000 1.000000 1.000000
sc 1.000000 1.000000 1.000000 1.000000
sc 1.000000 1.000000 1.000000 1.000000
sc 1.000000 1.000000 1.000000 1.000000
bm 1.000000 -0.000000 0.000000 0.000000 -0.000000 0.871388 0.490595 0.000000 -0.000000 -0.490595 0.871388 0.000000 0.000000 -0.607134 -0.223504 1.000000
bm 1.000000 -0.000000 0.000000 0.000000 -0.000000 0.734644 0.678453 0.000000 -0.000000 -0.678453 0.734644 0.000000 0.000000 -1.009261 0.652181 1.000000
bm 1.000000 -0.000000 0.000000 0.000000 -0.000000 0.658075 0.752952 0.000000 -0.000000 -0.752952 0.658075 0.000000 0.000000 -1.316987 1.348478 1.000000
bm 1.000000 -0.000000 0.000000 0.000000 -0.000000 0.651213 0.758895 0.000000 -0.000000 -0.758895 0.651213 0.000000 0.000000 -1.359921 1.963677 1.000000
bm 1.000000 0.000000 0.000000 0.000000 -0.000000 0.695242 0.718776 0.000000 -0.000000 -0.718776 0.695242 0.000000 0.000000 -1.105574 2.503914 1.000000
bm 1.000000 0.000000 0.000000 0.000000 -0.000000 0.764013 0.645201 0.000000 -0.000000 -0.645201 0.764013 0.000000 0.000000 -0.667956 2.917947 1.000000
bm 1.000000 -0.000000 0.000000 0.000000 0.000000 0.833928 0.551874 0.000000 -0.000000 -0.551874 0.833928 0.000000 0.000000 -0.244424 3.158443 1.000000
bm 1.000000 -0.000000 0.000000 0.000000 0.000000 0.906702 0.421771 0.000000 -0.000000 -0.421771 0.906702 0.000000 -0.000000 0.050241 3.110781 1.000000
bm 1.000000 -0.000000 0.000000 0.000000 0.000000 0.972069 0.234696 0.000000 -0.000000 -0.234696 0.972069 0.000000 -0.000000 0.206747 2.725906 1.000000
bm 1.000000 -0.000000 0.000000 0.000000 0.000000 0.999907 0.013605 0.000000 -0.000000 -0.013605 0.999907 0.000000 -0.000000 0.183031 2.104494 1.000000
bm 1.000000 -0.000000 0.000000 0.000000 0.000000 0.980159 -0.198213 0.000000 -0.000000 0.198213 0.980159 0.000000 -0.000000 -0.012669 1.416373 1.000000
bm 1.000000 -0.000000 0.000000 0.000000 0.000000 0.939220 -0.343315 0.000000 -0.000000 0.343315 0.939220 0.000000 -0.000000 -0.255514 0.930515 1.000000
bm 1.000000 0.000000 0.000000 0.000000 0.000000 0.925726 -0.378196 0.000000 -0.000000 0.378196 0.925726 0.000000 0.000000 -0.316815 0.875014 1.000000
bm 1.000000 0.000000 0.000000 0.000000 -0.000000 0.956382 -0.292120 0.000000 -0.000000 0.292120 0.956382 0.000000 0.000000 -0.148783 1.333917 1.000000
bm 1.000000 0.000000 0.000000 0.000000 -0.000000 0.989756 -0.142770 0.000000 -0.000000 0.142770 0.989756 0.000000 0.000000 -0.016325 1.988789 1.000000
bm 1.000000 0.000000 0.000000 0.000000 -0.000000 0.999996 -0.002860 0.000000 -0.000000 0.002860 0.999996 0.000000 0.000000 -0.034763 2.382296 1.000000
bm 1.000000 0.000000 0.000000 0.000000 -0.000000 0.998760 0.049788 0.000000 -0.000000 -0.049788 0.998760 0.000000 0.000000 -0.072314 2.024275 1.000000
bm 1.000000 0.000000 0.000000 0.000000 -0.000000 0.999548 0.030058 0.000000 -0.000000 -0.030058 0.999548 0.000000 0.000000 -0.053445 1.045587 1.000000
bm 1.000000 0.000000 0.000000 0.000000 -0.000000 0.999999 -0.001546 0.000000 -0.000000 0.001546 0.999999 0.000000 0.000000 -0.033734 -0.100397 1.000000
bm 1.000000 0.000000 0.000000 0.000000 -0.000000 0.999993 0.003617 0.000000 -0.000000 -0.003617 0.999994 0.000000 0.000000 -0.027575 -1.018882 1.000000
bm 1.000000 0.000000 0.000000 0.000000 -0.000000 0.998697 0.051031 0.000000 -0.000000 -0.051030 0.998697 0.000000 0.000000 0.001862 -1.579351 1.000000
bm 1.000000 0.000000 0.000000 0.000000 -0.000000 0.990421 0.138078 0.000000 -0.000000 -0.138078 0.990421 0.000000 0.000000 0.023860 -1.715698 1.000000
bm 1.000000 0.000000 0.000000 0.000000 -0.000000 0.960153 0.279473 0.000000 -0.000000 -0.279473 0.960153 0.000000 0.000000 -0.088909 -1.267346 1.000000
nm bein.r
nc 1
ch schienbein.r
lc 0.000000 -0.973381 -0.243596 1.000000
lc 0.000000 -0.929631 -0.237363 1.000000
lc 0.000000 -0.806137 -0.219259 1.000000
lc 0.000000 -0.615227 -0.189572 1.000000
lc 0.000000 -0.381630 -0.148738 1.000000
lc 0.000000 -0.176956 -0.098350 1.000000
lc 0.000000 -0.083774 -0.041704 1.000000
lc 0.000000 -0.146430 0.016474 1.000000
lc 0.000000 -0.313583 0.071026 1.000000
lc 0.000000 -0.521518 0.117529 1.000000
lc 0.000000 -0.711111 0.152915 1.000000
lc 0.000000 -0.846384 0.175293 1.000000
lc 0.000000 -0.897840 0.183158 1.000000
lc 0.000000 -0.853821 0.168447 1.000000
lc 0.000000 -0.732028 0.125873 1.000000
lc 0.000000 -0.551355 0.058762 1.000000
lc 0.000000 -0.343069 -0.021579 1.000000
lc 0.000000 -0.177196 -0.099057 1.000000
lc 0.000000 -0.125414 -0.160375 1.000000
lc 0.000000 -0.218835 -0.200130 1.000000
lc 0.000000 -0.401457 -0.223347 1.000000
lc 0.000000 -0.611966 -0.235802 1.000000
lc 0.000000 -0.796586 -0.241586 1.000000
rq 0.939645 0.342150 -0.000000 -0.000000
rq 0.943349 0.331802 -0.000000 -0.000000
rq 0.953103 0.302645 -0.000000 -0.000000
rq 0.966367 0.257168 -0.000000 -0.000000
rq 0.980190 0.198058 -0.000000 -0.000000
rq 0.991669 0.128812 -0.000000 -0.000000
rq 0.998543 0.053966 -0.000000 -0.000000
rq 0.999776 -0.021184 -0.000000 -0.000000
rq 0.995827 -0.091264 -0.000000 -0.000000
rq 0.988454 -0.151519 -0.000000 -0.000000
rq 0.980170 -0.198161 -0.000000 -0.000000
rq 0.973614 -0.228200 -0.000000 -0.000000
rq 0.971048 -0.238886 -0.000000 -0.000000
rq 0.975735 -0.218956 -0.000000 -0.000000
rq 0.986718 -0.162440 -0.000000 -0.000000
rq 0.997147 -0.075487 -0.000000 -0.000000
rq 0.999612 0.027844 -0.000000 -0.000000
rq 0.991545 0.129763 -0.000000 -0.000000
rq 0.976708 0.214574 -0.000000 0.000000
rq 0.961998 0.273056 -0.000000 0.000000
rq 0.951022 0.309124 -0.000000 0.000000
rq 0.944247 0.329238 -0.000000 0.000000
rq 0.940860 0.338795 -0.000000 0.000000
sc 1.000000 1.000000 1.000000 1.000000
sc 1.000000 1.000000 1.000000 1.000000
sc 1.000000 1.000000 1.000000 1.000000
sc 1.000000 1.000000 1.000000 1.000000
sc 1.000000 1.000000 1.000000 1.000000
sc 1.000000 1.000000 1.000000 1.000000
sc 1.000000 1.000000 1.000000 1.000000
sc 1.000000 1.000000 1.000000 1.000000
sc 1.000000 1.000000 1.000000 1.000000
sc 1.000000 1.000000 1.000000 1.000000
sc 1.000000 1.000000 1.000000 1.000000
sc 1.000000 1.000000 1.000000 1.000000
sc 1.000000 1.000000 1.000000 1.000000
sc 1.000000 1.000000 1.000000 1.000000
sc 1.000000 1.000000 1.000000 1.000000
sc 1.000000 1.000000 1.000000 1.000000
sc 1.000000 1.000000 1.000000 1.000000
sc 1.000000 1.000000 1.000000 1.000000
sc 1.000000 1.000000 1.000000 1.000000
sc 1.000000 1.000000 1.000000 1.000000
sc 1.000000 1.000000 1.000000 1.000000
sc 1.000000 1.000000 1.000000 1.000000
sc 1.000000 1.000000 1.000000 1.000000
bm 1.000000 -0.000000 -0.000000 0.000000 -0.000000 0.765867 -0.642999 0.000000 0.000000 0.642999 0.765867 0.000000 0.000000 -0.973381 -0.243596 1.000000
bm 1.000000 -0.000000 -0.000000 0.000000 -0.000000 0.779814 -0.626011 0.000000 0.000000 0.626011 0.779814 0.000000 0.000000 -0.929631 -0.237363 1.000000
bm 1.000000 -0.000000 -0.000000 0.000000 -0.000000 0.816812 -0.576903 0.000000 0.000000 0.576903 0.816812 0.000000 0.000000 -0.806137 -0.219259 1.000000
bm 1.000000 -0.000000 -0.000000 0.000000 -0.000000 0.867729 -0.497037 0.000000 0.000000 0.497037 0.867729 0.000000 0.000000 -0.615227 -0.189572 1.000000
bm 1.000000 -0.000000 -0.000000 0.000000 -0.000000 0.921546 -0.388270 0.000000 0.000000 0.388270 0.921546 0.000000 0.000000 -0.381630 -0.148738 1.000000
bm 1.000000 -0.000000 -0.000000 0.000000 -0.000000 0.966815 -0.255478 0.000000 0.000000 0.255478 0.966815 0.000000 0.000000 -0.176956 -0.098350 1.000000
bm 1.000000 -0.000000 -0.000000 0.000000 -0.000000 0.994175 -0.107776 0.000000 0.000000 0.107776 0.994175 0.000000 0.000000 -0.083774 -0.041704 1.000000
bm 1.000000 0.000000 -0.000000 0.000000 0.000000 0.999102 0.042359 0.000000 0.000000 -0.042359 0.999102 0.000000 0.000000 -0.146430 0.016474 1.000000
bm 1.000000 0.000000 -0.000000 0.000000 0.000000 0.983342 0.181766 0.000000 0.000000 -0.181766 0.983342 0.000000 0.000000 -0.313583 0.071026 1.000000
bm 1.000000 0.000000 -0.000000 0.000000 0.000000 0.954084 0.299540 0.000000 0.000000 -0.299540 0.954084 0.000000 0.000000 -0.521518 0.117529 1.000000
bm 1.000000 0.000000 -0.000000 0.000000 0.000000 0.921465 0.388462 0.000000 0.000000 -0.388462 0.921465 0.000000 0.000000 -0.711111 0.152915 1.000000
bm 1.000000 0.000000 -0.000000 0.000000 0.000000 0.895850 0.444357 0.000000 0.000000 -0.444357 0.895850 0.000000 0.000000 -0.846384 0.175293 1.000000
bm 1.000000 0.000000 -0.000000 0.000000 0.000000 0.885867 0.463939 0.000000 0.000000 -0.463939 0.885867 0.000000 0.000000 -0.897840 0.183158 1.000000
bm 1.000000 0.000000 -0.000000 0.000000 0.000000 0.904116 0.427286 0.000000 0.000000 -0.427286 0.904116 0.000000 0.000000 -0.853821 0.168447 1.000000
bm 1.000000 0.000000 -0.000000 0.000000 0.000000 0.947227 0.320564 0.000000 0.000000 -0.320564 0.947227 0.000000 0.000000 -0.732028 0.125873 1.000000
bm 1.000000 0.000000 -0.000000 0.000000 0.000000 0.988603 0.150543 0.000000 0.000000 -0.150543 0.988603 0.000000 0.000000 -0.551355 0.058762 1.000000
bm 1.000000 -0.000000 -0.000000 0.000000 -0.000000 0.998449 -0.055666 0.000000 0.000000 0.055666 0.998449 0.000000 0.000000 -0.343069 -0.021579 1.000000
bm 1.000000 -0.000000 -0.000000 0.000000 -0.000000 0.966323 -0.257331 0.000000 0.000000 0.257331 0.966323 0.000000 0.000000 -0.177196 -0.099057 1.000000
bm 1.000000 -0.000000 -0.000000 0.000000 0.000000 0.907916 -0.419152 0.000000 0.000000 0.419152 0.907916 0.000000 0.000000 -0.125414 -0.160375 1.000000
bm 1.000000 -0.000000 -0.000000 0.000000 0.000000 0.850881 -0.525358 0.000000 0.000000 0.525358 0.850881 0.000000 0.000000 -0.218835 -0.200130 1.000000
bm 1.000000 -0.000000 -0.000000 0.000000 0.000000 0.808885 -0.587967 0.000000 0.000000 0.587967 0.808885 0.000000 0.000000 -0.401457 -0.223347 1.000000
bm 1.000000 -0.000000 -0.000000 0.000000 0.000000 0.783204 -0.621764 0.000000 0.000000 0.621764 0.783204 0.000000 0.000000 -0.611966 -0.235802 1.000000
bm 1.000000 -0.000000 -0.000000 0.000000 0.000000 0.770436 -0.637517 0.000000 0.000000 0.637517 0.770436 0.000000 0.000000 -0.796586 -0.241586 1.000000
nm schienbein.r
nc 1
ch fuss.r
lc -0.000000 -0.468349 0.533362 1.000000
lc -0.000000 -0.406609 0.630830 1.000000
lc -0.000000 -0.326846 0.709952 1.000000
lc -0.000000 -0.224924 0.785305 1.000000
lc -0.000000 -0.117285 0.824301 1.000000
lc -0.000000 -0.051120 0.808565 1.000000
lc -0.000000 -0.083162 0.779509 1.000000
lc -0.000000 -0.254187 0.772570 1.000000
lc -0.000000 -0.516465 0.780828 1.000000
lc -0.000000 -0.804323 0.789207 1.000000
lc -0.000000 -1.052590 0.789485 1.000000
lc -0.000000 -1.223362 0.785789 1.000000
lc -0.000000 -1.286930 0.783705 1.000000
lc -0.000000 -1.495657 1.118034 1.000000
lc -0.000000 -1.924428 1.824653 1.000000
lc -0.000000 -2.132888 2.545825 1.000000
lc -0.000000 -1.790458 3.092085 1.000000
lc -0.000000 -1.123357 3.413164 1.000000
lc 0.000000 -0.485892 3.503733 1.000000
lc 0.000000 -0.036483 3.292619 1.000000
lc 0.000000 0.205994 2.730364 1.000000
lc 0.000000 0.183186 1.978909 1.000000
lc 0.000000 -0.049743 1.249321 1.000000
rq 0.975918 0.218137 -0.000000 0.000000
rq 0.980714 0.195447 -0.000000 0.000000
rq 0.986992 0.160769 -0.000000 0.000000
rq 0.993571 0.113209 -0.000000 0.000000
rq 0.998283 0.058581 -0.000000 0.000000
rq 0.999999 0.001425 -0.000000 0.000000
rq 0.998169 -0.060486 -0.000000 0.000000
rq 0.991863 -0.127308 -0.000000 0.000000
rq 0.981185 -0.193071 -0.000000 0.000000
rq 0.967994 -0.250972 -0.000000 0.000000
rq 0.955288 -0.295677 -0.000000 0.000000
rq 0.945968 -0.324261 -0.000000 0.000000
rq 0.942437 -0.334382 -0.000000 0.000000
rq 0.928328 -0.371762 -0.000000 0.000000
rq 0.897767 -0.440471 -0.000000 0.000000
rq 0.878483 -0.477773 -0.000000 0.000000
rq 0.891452 -0.453116 -0.000000 0.000000
rq 0.920847 -0.389924 -0.000000 0.000000
rq 0.948732 -0.316081 -0.000000 -0.000000
rq 0.973282 -0.229615 -0.000000 -0.000000
rq 0.992961 -0.118439 -0.000000 -0.000000
rq 0.999998 0.001927 -0.000000 -0.000000
rq 0.993792 0.111251 -0.000000 -0.000000
sc 1.000000 1.000000 1.000000 1.000000
sc 1.000000 1.000000 1.000000 1.000000
sc 1.000000 1.000000 1.000000 1.000000
sc 1.000000 1.000000 1.000000 1.000000
sc 1.000000 1.000000 1.000000 1.000000
sc 1.000000 1.000000 1.000000 1.000000
sc 1.000000 1.000000 1.000000 1.000000
sc 1.000000 1.000000 1.000000 1.000000
sc 1.000000 1.000000 1.000000 1.000000
sc 1.000000 1.000000 1.000000 1.000000
sc 1.000000 1.000000 1.000000 1.000000
sc 1.000000 1.000000 1.000000 1.000000
sc 1.000000 1.000000 1.000000 1.000000
sc 1.000000 1.000000 1.000000 1.000000
sc 1.000000 1.000000 1.000000 1.000000
sc 1.000000 1.000000 1.000000 1.000000
sc 1.000000 1.000000 1.000000 1.000000
sc 1.000000 1.000000 1.000000 1.000000
sc 1.000000 1.000000 1.000000 1.000000
sc 1.000000 1.000000 1.000000 1.000000
sc 1.000000 1.000000 1.000000 1.000000
sc 1.000000 1.000000 1.000000 1.000000
sc 1.000000 1.000000 1.000000 1.000000
bm 1.000000 -0.000000 -0.000000 0.000000 -0.000000 0.904833 -0.425767 0.000000 0.000000 0.425767 0.904833 0.000000 -0.000000 -0.468349 0.533362 1.000000
bm 1.000000 -0.000000 -0.000000 0.000000 -0.000000 0.923601 -0.383355 0.000000 0.000000 0.383355 0.923601 0.000000 -0.000000 -0.406609 0.630830 1.000000
bm 1.000000 -0.000000 -0.000000 0.000000 -0.000000 0.948307 -0.317356 0.000000 0.000000 0.317356 0.948307 0.000000 -0.000000 -0.326846 0.709952 1.000000
bm 1.000000 -0.000000 -0.000000 0.000000 -0.000000 0.974368 -0.224962 0.000000 0.000000 0.224962 0.974368 0.000000 -0.000000 -0.224924 0.785305 1.000000
bm 1.000000 -0.000000 -0.000000 0.000000 0.000000 0.993137 -0.116961 0.000000 0.000000 0.116961 0.993137 0.000000 -0.000000 -0.117285 0.824301 1.000000
bm 1.000000 -0.000000 -0.000000 0.000000 0.000000 0.999996 -0.002850 0.000000 0.000000 0.002850 0.999996 0.000000 -0.000000 -0.051120 0.808565 1.000000
bm 1.000000 -0.000000 -0.000000 0.000000 0.000000 0.992683 0.120750 0.000000 0.000000 -0.120750 0.992683 0.000000 -0.000000 -0.083162 0.779509 1.000000
bm 1.000000 -0.000000 -0.000000 0.000000 0.000000 0.967585 0.252544 0.000000 0.000000 -0.252544 0.967585 0.000000 -0.000000 -0.254187 0.772570 1.000000
bm 1.000000 0.000000 -0.000000 0.000000 0.000000 0.925447 0.378877 0.000000 0.000000 -0.378877 0.925447 0.000000 -0.000000 -0.516465 0.780828 1.000000
bm 1.000000 0.000000 -0.000000 0.000000 0.000000 0.874026 0.485880 0.000000 0.000000 -0.485880 0.874026 0.000000 -0.000000 -0.804323 0.789207 1.000000
bm 1.000000 0.000000 -0.000000 0.000000 0.000000 0.825150 0.564913 0.000000 0.000000 -0.564913 0.825151 0.000000 -0.000000 -1.052590 0.789485 1.000000
bm 1.000000 0.000000 -0.000000 0.000000 0.000000 0.789710 0.613481 0.000000 0.000000 -0.613481 0.789710 0.000000 -0.000000 -1.223362 0.785789 1.000000
bm 1.000000 0.000000 -0.000000 0.000000 0.000000 0.776377 0.630269 0.000000 0.000000 -0.630269 0.776377 0.000000 -0.000000 -1.286930 0.783705 1.000000
bm 1.000000 0.000000 -0.000000 0.000000 0.000000 0.723586 0.690234 0.000000 0.000000 -0.690234 0.723586 0.000000 -0.000000 -1.495657 1.118034 1.000000
bm 1.000000 0.000000 -0.000000 0.000000 0.000000 0.611971 0.790880 0.000000 0.000000 -0.790881 0.611971 0.000000 -0.000000 -1.924428 1.824653 1.000000
bm 1.000000 0.000000 -0.000000 0.000000 0.000000 0.543465 0.839432 0.000000 0.000000 -0.839432 0.543465 0.000000 -0.000000 -2.132888 2.545825 1.000000
bm 1.000000 0.000000 -0.000000 0.000000 0.000000 0.589372 0.807862 0.000000 0.000000 -0.807862 0.589372 0.000000 -0.000000 -1.790458 3.092085 1.000000
bm 1.000000 -0.000000 -0.000000 0.000000 0.000000 0.695918 0.718121 0.000000 0.000000 -0.718121 0.695919 0.000000 -0.000000 -1.123357 3.413164 1.000000
bm 1.000000 0.000000 -0.000000 0.000000 0.000000 0.800186 0.599752 0.000000 0.000000 -0.599752 0.800186 0.000000 0.000000 -0.485892 3.503733 1.000000
bm 1.000000 0.000000 -0.000000 0.000000 -0.000000 0.894554 0.446960 0.000000 0.000000 -0.446960 0.894554 0.000000 0.000000 -0.036483 3.292619 1.000000
bm 1.000000 0.000000 -0.000000 0.000000 -0.000000 0.971944 0.235211 0.000000 0.000000 -0.235211 0.971945 0.000000 0.000000 0.205994 2.730364 1.000000
bm 1.000000 0.000000 -0.000000 0.000000 -0.000000 0.999992 -0.003853 0.000000 0.000000 0.003853 0.999993 0.000000 0.000000 0.183186 1.978909 1.000000
bm 1.000000 0.000000 -0.000000 0.000000 -0.000000 0.975246 -0.221121 0.000000 0.000000 0.221121 0.975246 0.000000 0.000000 -0.049743 1.249321 1.000000
nm fuss.r
nc 0
lc -0.000000 -0.316815 0.875014 1.000000
lc -0.000000 -0.098223 1.528033 1.000000
lc -0.000000 -0.006853 2.088901 1.000000
lc -0.000000 -0.034763 2.382296 1.000000
lc -0.000000 -0.072508 2.024338 1.000000
lc -0.000000 -0.053489 1.045609 1.000000
lc -0.000000 -0.033734 -0.100397 1.000000
lc -0.000000 -0.027572 -1.018880 1.000000
lc -0.000000 0.001875 -1.579346 1.000000
lc -0.000000 0.023860 -1.715698 1.000000
lc 0.000000 -0.074002 -1.320053 1.000000
lc 0.000000 -0.353786 -0.669025 1.000000
lc -0.000000 -0.607134 -0.223504 1.000000
lc -0.000000 -0.825867 0.297309 1.000000
lc -0.000000 -1.171072 1.146813 1.000000
lc -0.000000 -1.359921 1.963677 1.000000
lc -0.000000 -1.145591 2.557497 1.000000
lc -0.000000 -0.685046 2.945389 1.000000
lc 0.000000 -0.244424 3.158443 1.000000
lc 0.000000 0.056178 3.098204 1.000000
lc 0.000000 0.213411 2.698912 1.000000
lc 0.000000 0.183031 2.104494 1.000000
lc 0.000000 0.002979 1.497983 1.000000
rq 0.981256 0.192710 -0.000000 0.000000
rq 0.991468 0.130349 -0.000000 0.000000
rq 0.998021 0.062874 -0.000000 0.000000
rq 0.999999 0.001430 -0.000000 0.000000
rq 0.999689 -0.024950 -0.000000 0.000000
rq 0.999887 -0.015052 -0.000000 0.000000
rq 1.000000 0.000773 -0.000000 0.000000
rq 0.999998 -0.001810 -0.000000 0.000000
rq 0.999674 -0.025528 -0.000000 0.000000
rq 0.997602 -0.069205 -0.000000 0.000000
rq 0.990519 -0.137377 -0.000000 0.000000
rq 0.977581 -0.210560 -0.000000 0.000000
rq 0.967313 -0.253587 -0.000000 0.000000
rq 0.953182 -0.302397 -0.000000 0.000000
rq 0.926564 -0.376138 -0.000000 0.000000
rq 0.908629 -0.417604 -0.000000 0.000000
rq 0.916321 -0.400445 -0.000000 0.000000
rq 0.937306 -0.348506 -0.000000 0.000000
rq 0.957582 -0.288160 -0.000000 -0.000000
rq 0.976610 -0.215019 -0.000000 -0.000000
rq 0.993225 -0.116208 -0.000000 -0.000000
rq 0.999977 -0.006803 -0.000000 -0.000000
rq 0.995603 0.093675 -0.000000 -0.000000
sc 1.000000 1.000000 1.000000 1.000000
sc 1.000000 1.000000 1.000000 1.000000
sc 1.000000 1.000000 1.000000 1.000000
sc 1.000000 1.000000 1.000000 1.000000
sc 1.000000 1.000000 1.000000 1.000000
sc 1.000000 1.000000 1.000000 1.000000
sc 1.000000 1.000000 1.000000 1.000000
sc 1.000000 1.000000 1.000000 1.000000
sc 1.000000 1.000000 1.000000 1.000000
sc 1.000000 1.000000 1.000000 1.000000
sc 1.000000 1.000000 1.000000 1.000000
sc 1.000000 1.000000 1.000000 1.000000
sc 1.000000 1.000000 1.000000 1.000000
sc 1.000000 1.000000 1.000000 1.000000
sc 1.000000 1.000000 1.000000 1.000000
sc 1.000000 1.000000 1.000000 1.000000
sc 1.000000 1.000000 1.000000 1.000000
sc 1.000000 1.000000 1.000000 1.000000
sc 1.000000 1.000000 1.000000 1.000000
sc 1.000000 1.000000 1.000000 1.000000
sc 1.000000 1.000000 1.000000 1.000000
sc 1.000000 1.000000 1.000000 1.000000
sc 1.000000 1.000000 1.000000 1.000000
bm 1.000000 -0.000000 -0.000000 0.000000 -0.000000 0.925726 -0.378196 0.000000 0.000000 0.378196 0.925726 0.000000 -0.000000 -0.316815 0.875014 1.000000
bm 1.000000 -0.000000 -0.000000 0.000000 0.000000 0.966018 -0.258474 0.000000 0.000000 0.258474 0.966018 0.000000 -0.000000 -0.098223 1.528033 1.000000
bm 1.000000 -0.000000 -0.000000 0.000000 0.000000 0.992094 -0.125499 0.000000 0.000000 0.125499 0.992094 0.000000 -0.000000 -0.006853 2.088901 1.000000
bm 1.000000 -0.000000 -0.000000 0.000000 0.000000 0.999996 -0.002860 0.000000 0.000000 0.002860 0.999996 0.000000 -0.000000 -0.034763 2.382296 1.000000
bm 1.000000 -0.000000 -0.000000 0.000000 0.000000 0.998755 0.049885 0.000000 0.000000 -0.049885 0.998755 0.000000 -0.000000 -0.072508 2.024338 1.000000
bm 1.000000 -0.000000 -0.000000 0.000000 0.000000 0.999547 0.030101 0.000000 0.000000 -0.030101 0.999547 0.000000 -0.000000 -0.053489 1.045609 1.000000
bm 1.000000 -0.000000 -0.000000 0.000000 0.000000 0.999999 -0.001546 0.000000 0.000000 0.001546 0.999999 0.000000 -0.000000 -0.033734 -0.100397 1.000000
bm 1.000000 -0.000000 -0.000000 0.000000 0.000000 0.999993 0.003620 0.000000 0.000000 -0.003620 0.999993 0.000000 -0.000000 -0.027572 -1.018880 1.000000
bm 1.000000 -0.000000 -0.000000 0.000000 0.000000 0.998697 0.051038 0.000000 0.000000 -0.051038 0.998697 0.000000 -0.000000 0.001875 -1.579346 1.000000
bm 1.000000 -0.000000 -0.000000 0.000000 0.000000 0.990421 0.138078 0.000000 0.000000 -0.138078 0.990421 0.000000 -0.000000 0.023860 -1.715698 1.000000
bm 1.000000 -0.000000 -0.000000 0.000000 0.000000 0.962255 0.272149 0.000000 0.000000 -0.272149 0.962255 0.000000 0.000000 -0.074002 -1.320053 1.000000
bm 1.000000 -0.000000 -0.000000 0.000000 0.000000 0.911329 0.411679 0.000000 0.000000 -0.411679 0.911329 0.000000 0.000000 -0.353786 -0.669025 1.000000
bm 1.000000 0.000000 -0.000000 0.000000 0.000000 0.871388 0.490595 0.000000 0.000000 -0.490595 0.871388 0.000000 -0.000000 -0.607134 -0.223504 1.000000
bm 1.000000 0.000000 -0.000000 0.000000 0.000000 0.817112 0.576479 0.000000 0.000000 -0.576479 0.817112 0.000000 -0.000000 -0.825867 0.297309 1.000000
bm 1.000000 0.000000 -0.000000 0.000000 0.000000 0.717041 0.697031 0.000000 0.000000 -0.697031 0.717041 0.000000 -0.000000 -1.171072 1.146813 1.000000
bm 1.000000 0.000000 -0.000000 0.000000 0.000000 0.651213 0.758895 0.000000 0.000000 -0.758895 0.651213 0.000000 -0.000000 -1.359921 1.963677 1.000000
bm 1.000000 -0.000000 -0.000000 0.000000 0.000000 0.679288 0.733872 0.000000 0.000000 -0.733872 0.679288 0.000000 -0.000000 -1.145591 2.557497 1.000000
bm 1.000000 -0.000000 -0.000000 0.000000 0.000000 0.757087 0.653315 0.000000 0.000000 -0.653315 0.757087 0.000000 -0.000000 -0.685046 2.945389 1.000000
bm 1.000000 0.000000 -0.000000 0.000000 -0.000000 0.833928 0.551874 0.000000 0.000000 -0.551874 0.833928 0.000000 0.000000 -0.244424 3.158443 1.000000
bm 1.000000 0.000000 -0.000000 0.000000 -0.000000 0.907533 0.419980 0.000000 0.000000 -0.419980 0.907534 0.000000 0.000000 0.056178 3.098204 1.000000
bm 1.000000 0.000000 -0.000000 0.000000 -0.000000 0.972991 0.230842 0.000000 0.000000 -0.230842 0.972991 0.000000 0.000000 0.213411 2.698912 1.000000
bm 1.000000 0.000000 -0.000000 0.000000 -0.000000 0.999907 0.013605 0.000000 0.000000 -0.013605 0.999907 0.000000 0.000000 0.183031 2.104494 1.000000
bm 1.000000 0.000000 -0.000000 0.000000 -0.000000 0.982450 -0.186527 0.000000 0.000000 0.186527 0.982450 0.000000 0.000000 0.002979 1.497983 1.000000
