no 1
nf 41
nm mechArm
nc 0
lc 0.000000 0.000000 -0.000000 1.000000
lc 0.000000 0.132602 0.129175 1.000000
lc 0.000000 0.525633 0.475403 1.000000
lc 0.000000 1.189477 0.956502 1.000000
lc 0.000000 2.134614 1.464485 1.000000
lc 0.000000 3.342977 1.874174 1.000000
lc 0.000000 4.748092 2.066579 1.000000
lc 0.000000 6.236753 1.962072 1.000000
lc 0.000000 7.676309 1.545028 1.000000
lc 0.000000 8.953225 0.862765 1.000000
lc 0.000000 10.000001 -0.000000 1.000000
lc 0.000000 10.802768 -0.959224 1.000000
lc 0.000000 11.388996 -1.970027 1.000000
lc 0.000000 11.785343 -3.010243 1.000000
lc 0.000000 12.009220 -4.066811 1.000000
lc 0.000000 12.069878 -5.129731 1.000000
lc 0.000000 11.970566 -6.187955 1.000000
lc 0.000000 11.711344 -7.226634 1.000000
lc 0.000000 11.292461 -8.225666 1.000000
lc 0.000000 10.718107 -9.159717 1.000000
lc 0.000000 10.000000 -10.000000 1.000000
lc 0.000000 9.159718 -10.718106 1.000000
lc 0.000000 8.225667 -11.292461 1.000000
lc 0.000000 7.226634 -11.711343 1.000000
lc 0.000000 6.187953 -11.970563 1.000000
lc 0.000000 5.129731 -12.069880 1.000000
lc 0.000000 4.066811 -12.009220 1.000000
lc 0.000000 3.010245 -11.785344 1.000000
lc 0.000000 1.970026 -11.388994 1.000000
lc 0.000000 0.959224 -10.802768 1.000000
lc 0.000000 0.000000 -10.000001 1.000000
lc 0.000000 -0.862764 -8.953226 1.000000
lc 0.000000 -1.545028 -7.676308 1.000000
lc 0.000000 -1.962072 -6.236753 1.000000
lc 0.000000 -2.066579 -4.748091 1.000000
lc 0.000000 -1.874174 -3.342977 1.000000
lc 0.000000 -1.464485 -2.134614 1.000000
lc 0.000000 -0.956502 -1.189477 1.000000
lc 0.000000 -0.475403 -0.525633 1.000000
lc 0.000000 -0.129175 -0.132602 1.000000
rq 1.000000 0.000000 0.000000 0.000000
rq 0.999914 0.013090 0.000000 0.000000
rq 0.998743 0.050115 0.000000 0.000000
rq 0.994159 0.107929 0.000000 0.000000
rq 0.983104 0.183048 0.000000 0.000000
rq 0.962580 0.270998 0.000000 0.000000
rq 0.930551 0.366163 0.000000 0.000000
rq 0.886716 0.462314 0.000000 0.000000
rq 0.832728 0.553682 0.000000 0.000000
rq 0.771672 0.636021 0.000000 0.000000
rq 0.707107 0.707107 0.000000 0.000000
rq 0.641795 0.766877 0.000000 0.000000
rq 0.576237 0.817283 0.000000 0.000000
rq 0.510118 0.860104 0.000000 0.000000
rq 0.442943 0.896550 0.000000 0.000000
rq 0.374192 0.927351 0.000000 0.000000
rq 0.303437 0.952852 0.000000 0.000000
rq 0.230437 0.973087 0.000000 0.000000
rq 0.155221 0.987880 0.000000 0.000000
rq 0.078159 0.996941 0.000000 0.000000
rq 0.000000 1.000000 0.000000 0.000000
rq 0.078159 -0.996941 -0.000000 -0.000000
rq 0.155221 -0.987880 -0.000000 -0.000000
rq 0.230437 -0.973087 -0.000000 -0.000000
rq 0.303437 -0.952851 -0.000000 -0.000000
rq 0.374192 -0.927351 -0.000000 -0.000000
rq 0.442943 -0.896550 -0.000000 -0.000000
rq 0.510118 -0.860104 0.000000 0.000000
rq 0.576237 -0.817283 0.000000 0.000000
rq 0.641795 -0.766877 0.000000 0.000000
rq 0.707107 -0.707107 0.000000 0.000000
rq 0.771671 -0.636021 0.000000 0.000000
rq 0.832728 -0.553682 0.000000 0.000000
rq 0.886716 -0.462314 0.000000 0.000000
rq 0.930551 -0.366163 0.000000 0.000000
rq 0.962580 -0.270998 0.000000 0.000000
rq 0.983104 -0.183048 0.000000 0.000000
rq 0.994159 -0.107929 0.000000 0.000000
rq 0.998743 -0.050115 0.000000 0.000000
rq 0.999914 -0.013090 0.000000 0.000000
sc 1.000000 1.000000 1.000000 1.000000
sc 1.000000 1.000000 1.000000 1.000000
sc 1.000000 1.000000 1.000000 1.000000
sc 1.000000 1.000000 1.000000 1.000000
sc 1.000000 1.000000 1.000000 1.000000
sc 1.000000 1.000000 1.000000 1.000000
sc 1.000000 1.000000 1.000000 1.000000
sc 1.000000 1.000000 1.000000 1.000000
sc 1.000000 1.000000 1.000000 1.000000
sc 1.000000 1.000000 1.000000 1.000000
sc 1.000000 1.000000 1.000000 1.000000
sc 1.000000 1.000000 1.000000 1.000000
sc 1.000000 1.000000 1.000000 1.000000
sc 1.000000 1.000000 1.000000 1.000000
sc 1.000000 1.000000 1.000000 1.000000
sc 1.000000 1.000000 1.000000 1.000000
sc 1.000000 1.000000 1.000000 1.000000
sc 1.000000 1.000000 1.000000 1.000000
sc 1.000000 1.000000 1.000000 1.000000
sc 1.000000 1.000000 1.000000 1.000000
sc 1.000000 1.000000 1.000000 1.000000
sc 1.000000 1.000000 1.000000 1.000000
sc 1.000000 1.000000 1.000000 1.000000
sc 1.000000 1.000000 1.000000 1.000000
sc 1.000000 1.000000 1.000000 1.000000
sc 1.000000 1.000000 1.000000 1.000000
sc 1.000000 1.000000 1.000000 1.000000
sc 1.000000 1.000000 1.000000 1.000000
sc 1.000000 1.000000 1.000000 1.000000
sc 1.000000 1.000000 1.000000 1.000000
sc 1.000000 1.000000 1.000000 1.000000
sc 1.000000 1.000000 1.000000 1.000000
sc 1.000000 1.000000 1.000000 1.000000
sc 1.000000 1.000000 1.000000 1.000000
sc 1.000000 1.000000 1.000000 1.000000
sc 1.000000 1.000000 1.000000 1.000000
sc 1.000000 1.000000 1.000000 1.000000
sc 1.000000 1.000000 1.000000 1.000000
sc 1.000000 1.000000 1.000000 1.000000
sc 1.000000 1.000000 1.000000 1.000000
bm 1.000000 0.000000 0.000000 0.000000 0.000000 1.000000 0.000000 0.000000 0.000000 0.000000 1.000000 0.000000 0.000000 0.000000 -0.000000 1.000000
bm 1.000000 0.000000 0.000000 0.000000 0.000000 0.999657 -0.026178 0.000000 0.000000 0.026178 0.999657 0.000000 0.000000 0.132602 0.129175 1.000000
bm 1.000000 0.000000 0.000000 0.000000 0.000000 0.994977 -0.100104 0.000000 0.000000 0.100104 0.994977 0.000000 0.000000 0.525633 0.475403 1.000000
bm 1.000000 0.000000 0.000000 0.000000 0.000000 0.976703 -0.214598 0.000000 0.000000 0.214598 0.976703 0.000000 0.000000 1.189477 0.956502 1.000000
bm 1.000000 0.000000 0.000000 0.000000 0.000000 0.932987 -0.359910 0.000000 0.000000 0.359910 0.932987 0.000000 0.000000 2.134614 1.464485 1.000000
bm 1.000000 0.000000 0.000000 0.000000 0.000000 0.853120 -0.521715 0.000000 0.000000 0.521715 0.853120 0.000000 0.000000 3.342977 1.874174 1.000000
bm 1.000000 0.000000 0.000000 0.000000 0.000000 0.731849 -0.681467 0.000000 0.000000 0.681467 0.731849 0.000000 0.000000 4.748092 2.066579 1.000000
bm 1.000000 0.000000 0.000000 0.000000 0.000000 0.572532 -0.819882 0.000000 0.000000 0.819882 0.572532 0.000000 0.000000 6.236753 1.962072 1.000000
bm 1.000000 0.000000 0.000000 0.000000 0.000000 0.386872 -0.922134 0.000000 0.000000 0.922134 0.386872 0.000000 0.000000 7.676309 1.545028 1.000000
bm 1.000000 0.000000 0.000000 0.000000 0.000000 0.190954 -0.981599 0.000000 0.000000 0.981599 0.190954 0.000000 0.000000 8.953225 0.862765 1.000000
bm 1.000000 0.000000 0.000000 0.000000 0.000000 -0.000000 -1.000000 0.000000 0.000000 1.000000 -0.000000 0.000000 0.000000 10.000001 -0.000000 1.000000
bm 1.000000 0.000000 0.000000 0.000000 0.000000 -0.176199 -0.984354 0.000000 0.000000 0.984354 -0.176199 0.000000 0.000000 10.802768 -0.959224 1.000000
bm 1.000000 0.000000 0.000000 0.000000 0.000000 -0.335902 -0.941897 0.000000 0.000000 0.941897 -0.335902 0.000000 0.000000 11.388996 -1.970027 1.000000
bm 1.000000 0.000000 0.000000 0.000000 0.000000 -0.479559 -0.877510 0.000000 0.000000 0.877510 -0.479559 0.000000 0.000000 11.785343 -3.010243 1.000000
bm 1.000000 0.000000 0.000000 0.000000 0.000000 -0.607603 -0.794241 0.000000 0.000000 0.794241 -0.607603 0.000000 0.000000 12.009220 -4.066811 1.000000
bm 1.000000 0.000000 0.000000 0.000000 0.000000 -0.719961 -0.694015 0.000000 0.000000 0.694015 -0.719961 0.000000 0.000000 12.069878 -5.129731 1.000000
bm 1.000000 0.000000 0.000000 0.000000 0.000000 -0.815852 -0.578261 0.000000 0.000000 0.578261 -0.815852 0.000000 0.000000 11.970566 -6.187955 1.000000
bm 1.000000 0.000000 0.000000 0.000000 0.000000 -0.893798 -0.448471 0.000000 0.000000 0.448471 -0.893798 0.000000 0.000000 11.711344 -7.226634 1.000000
bm 1.000000 0.000000 0.000000 0.000000 0.000000 -0.951813 -0.306679 0.000000 0.000000 0.306679 -0.951813 0.000000 0.000000 11.292461 -8.225666 1.000000
bm 1.000000 0.000000 0.000000 0.000000 0.000000 -0.987782 -0.155839 0.000000 0.000000 0.155839 -0.987782 0.000000 0.000000 10.718107 -9.159717 1.000000
bm 1.000000 0.000000 0.000000 0.000000 0.000000 -1.000000 0.000000 0.000000 0.000000 0.000000 -1.000000 0.000000 0.000000 10.000000 -10.000000 1.000000
bm 1.000000 0.000000 0.000000 0.000000 0.000000 -0.987782 0.155839 0.000000 0.000000 -0.155839 -0.987782 0.000000 0.000000 9.159718 -10.718106 1.000000
bm 1.000000 0.000000 0.000000 0.000000 0.000000 -0.951813 0.306679 0.000000 0.000000 -0.306679 -0.951813 0.000000 0.000000 8.225667 -11.292461 1.000000
bm 1.000000 0.000000 0.000000 0.000000 0.000000 -0.893798 0.448471 0.000000 0.000000 -0.448471 -0.893798 0.000000 0.000000 7.226634 -11.711343 1.000000
bm 1.000000 0.000000 0.000000 0.000000 0.000000 -0.815852 0.578261 0.000000 0.000000 -0.578261 -0.815852 0.000000 0.000000 6.187953 -11.970563 1.000000
bm 1.000000 0.000000 0.000000 0.000000 0.000000 -0.719961 0.694015 0.000000 0.000000 -0.694015 -0.719961 0.000000 0.000000 5.129731 -12.069880 1.000000
bm 1.000000 0.000000 0.000000 0.000000 0.000000 -0.607603 0.794241 0.000000 0.000000 -0.794241 -0.607603 0.000000 0.000000 4.066811 -12.009220 1.000000
bm 1.000000 0.000000 0.000000 0.000000 0.000000 -0.479559 0.877510 0.000000 0.000000 -0.877510 -0.479559 0.000000 0.000000 3.010245 -11.785344 1.000000
bm 1.000000 0.000000 0.000000 0.000000 0.000000 -0.335902 0.941897 0.000000 0.000000 -0.941897 -0.335902 0.000000 0.000000 1.970026 -11.388994 1.000000
bm 1.000000 0.000000 0.000000 0.000000 0.000000 -0.176199 0.984354 0.000000 0.000000 -0.984354 -0.176199 0.000000 0.000000 0.959224 -10.802768 1.000000
bm 1.000000 0.000000 0.000000 0.000000 0.000000 -0.000000 1.000000 0.000000 0.000000 -1.000000 -0.000000 0.000000 0.000000 0.000000 -10.000001 1.000000
bm 1.000000 0.000000 0.000000 0.000000 0.000000 0.190954 0.981599 0.000000 0.000000 -0.981599 0.190954 0.000000 0.000000 -0.862764 -8.953226 1.000000
bm 1.000000 0.000000 0.000000 0.000000 0.000000 0.386872 0.922134 0.000000 0.000000 -0.922134 0.386872 0.000000 0.000000 -1.545028 -7.676308 1.000000
bm 1.000000 0.000000 0.000000 0.000000 0.000000 0.572532 0.819883 0.000000 0.000000 -0.819883 0.572532 0.000000 0.000000 -1.962072 -6.236753 1.000000
bm 1.000000 0.000000 0.000000 0.000000 0.000000 0.731849 0.681467 0.000000 0.000000 -0.681467 0.731849 0.000000 0.000000 -2.066579 -4.748091 1.000000
bm 1.000000 0.000000 0.000000 0.000000 0.000000 0.853120 0.521715 0.000000 0.000000 -0.521715 0.853120 0.000000 0.000000 -1.874174 -3.342977 1.000000
bm 1.000000 0.000000 0.000000 0.000000 0.000000 0.932987 0.359910 0.000000 0.000000 -0.359910 0.932987 0.000000 0.000000 -1.464485 -2.134614 1.000000
bm 1.000000 0.000000 0.000000 0.000000 0.000000 0.976703 0.214598 0.000000 0.000000 -0.214598 0.976703 0.000000 0.000000 -0.956502 -1.189477 1.000000
bm 1.000000 0.000000 0.000000 0.000000 0.000000 0.994977 0.100104 0.000000 0.000000 -0.100104 0.994977 0.000000 0.000000 -0.475403 -0.525633 1.000000
bm 1.000000 0.000000 0.000000 0.000000 0.000000 0.999657 0.026178 0.000000 0.000000 -0.026178 0.999657 0.000000 0.000000 -0.129175 -0.132602 1.000000
