no 1
nf 41
nm mechArm
nc 0
lc 0.000000 0.000000 0.000000 1.000000
lc 0.000000 0.000000 0.000000 1.000000
lc 0.000000 0.000000 0.000000 1.000000
lc 0.000000 0.000000 0.000000 1.000000
lc 0.000000 0.000000 0.000000 1.000000
lc 0.000000 0.000000 0.000000 1.000000
lc 0.000000 0.000000 0.000000 1.000000
lc 0.000000 0.000000 0.000000 1.000000
lc 0.000000 0.000000 0.000000 1.000000
lc 0.000000 0.000000 0.000000 1.000000
lc 0.000000 0.000000 0.000000 1.000000
lc 0.000000 0.000000 0.000000 1.000000
lc 0.000000 0.000000 0.000000 1.000000
lc 0.000000 0.000000 0.000000 1.000000
lc 0.000000 0.000000 0.000000 1.000000
lc 0.000000 0.000000 0.000000 1.000000
lc 0.000000 0.000000 0.000000 1.000000
lc 0.000000 0.000000 0.000000 1.000000
lc 0.000000 0.000000 0.000000 1.000000
lc 0.000000 0.000000 0.000000 1.000000
lc 0.000000 0.000000 0.000000 1.000000
lc 0.000000 0.000000 0.000000 1.000000
lc 0.000000 0.000000 0.000000 1.000000
lc 0.000000 0.000000 0.000000 1.000000
lc 0.000000 0.000000 0.000000 1.000000
lc 0.000000 0.000000 0.000000 1.000000
lc 0.000000 0.000000 0.000000 1.000000
lc 0.000000 0.000000 0.000000 1.000000
lc 0.000000 0.000000 0.000000 1.000000
lc 0.000000 0.000000 0.000000 1.000000
lc 0.000000 0.000000 0.000000 1.000000
lc 0.000000 0.000000 0.000000 1.000000
lc 0.000000 0.000000 0.000000 1.000000
lc 0.000000 0.000000 0.000000 1.000000
lc 0.000000 0.000000 0.000000 1.000000
lc 0.000000 0.000000 0.000000 1.000000
lc 0.000000 0.000000 0.000000 1.000000
lc 0.000000 0.000000 0.000000 1.000000
lc 0.000000 0.000000 0.000000 1.000000
lc 0.000000 0.000000 0.000000 1.000000
rq 1.000000 0.000000 0.000000 0.000000
rq 0.996786 -0.013049 0.000000 0.000000
rq 0.987270 -0.049539 0.000000 0.000000
rq 0.971643 -0.105485 0.000000 0.000000
rq 0.950095 -0.176902 0.000000 0.000000
rq 0.922816 -0.259803 0.000000 0.000000
rq 0.889995 -0.350205 0.000000 0.000000
rq 0.851824 -0.444122 0.000000 0.000000
rq 0.808492 -0.537568 0.000000 0.000000
rq 0.760190 -0.626558 0.000000 0.000000
rq 0.707107 -0.707107 0.000000 0.000000
rq 0.649478 -0.776058 0.000000 0.000000
rq 0.587719 -0.833568 0.000000 0.000000
rq 0.522287 -0.880622 0.000000 0.000000
rq 0.453642 -0.918205 0.000000 0.000000
rq 0.382243 -0.947303 0.000000 0.000000
rq 0.308548 -0.968902 0.000000 0.000000
rq 0.233018 -0.983985 0.000000 0.000000
rq 0.156110 -0.993539 0.000000 0.000000
rq 0.078285 -0.998549 0.000000 0.000000
rq 0.000000 -1.000000 0.000000 0.000000
rq -0.078285 -0.998549 0.000000 0.000000
rq -0.156110 -0.993539 0.000000 0.000000
rq -0.233018 -0.983985 0.000000 0.000000
rq -0.308548 -0.968902 0.000000 0.000000
rq -0.382243 -0.947304 0.000000 0.000000
rq -0.453642 -0.918205 0.000000 0.000000
rq -0.522287 -0.880622 0.000000 0.000000
rq -0.587719 -0.833568 0.000000 0.000000
rq -0.649478 -0.776058 0.000000 0.000000
rq -0.707107 -0.707107 0.000000 0.000000
rq -0.760190 -0.626558 0.000000 0.000000
rq -0.808492 -0.537568 0.000000 0.000000
rq -0.851824 -0.444122 0.000000 0.000000
rq -0.889995 -0.350205 0.000000 0.000000
rq -0.922816 -0.259803 0.000000 0.000000
rq -0.950095 -0.176902 0.000000 0.000000
rq -0.971643 -0.105485 0.000000 0.000000
rq -0.987271 -0.049539 0.000000 0.000000
rq -0.996786 -0.013049 0.000000 0.000000
sc 1.000000 1.000000 1.000000 1.000000
sc 1.000000 1.000000 1.000000 1.000000
sc 1.000000 1.000000 1.000000 1.000000
sc 1.000000 1.000000 1.000000 1.000000
sc 1.000000 1.000000 1.000000 1.000000
sc 1.000000 1.000000 1.000000 1.000000
sc 1.000000 1.000000 1.000000 1.000000
sc 1.000000 1.000000 1.000000 1.000000
sc 1.000000 1.000000 1.000000 1.000000
sc 1.000000 1.000000 1.000000 1.000000
sc 1.000000 1.000000 1.000000 1.000000
sc 1.000000 1.000000 1.000000 1.000000
sc 1.000000 1.000000 1.000000 1.000000
sc 1.000000 1.000000 1.000000 1.000000
sc 1.000000 1.000000 1.000000 1.000000
sc 1.000000 1.000000 1.000000 1.000000
sc 1.000000 1.000000 1.000000 1.000000
sc 1.000000 1.000000 1.000000 1.000000
sc 1.000000 1.000000 1.000000 1.000000
sc 1.000000 1.000000 1.000000 1.000000
sc 1.000000 1.000000 1.000000 1.000000
sc 1.000000 1.000000 1.000000 1.000000
sc 1.000000 1.000000 1.000000 1.000000
sc 1.000000 1.000000 1.000000 1.000000
sc 1.000000 1.000000 1.000000 1.000000
sc 1.000000 1.000000 1.000000 1.000000
sc 1.000000 1.000000 1.000000 1.000000
sc 1.000000 1.000000 1.000000 1.000000
sc 1.000000 1.000000 1.000000 1.000000
sc 1.000000 1.000000 1.000000 1.000000
sc 1.000000 1.000000 1.000000 1.000000
sc 1.000000 1.000000 1.000000 1.000000
sc 1.000000 1.000000 1.000000 1.000000
sc 1.000000 1.000000 1.000000 1.000000
sc 1.000000 1.000000 1.000000 1.000000
sc 1.000000 1.000000 1.000000 1.000000
sc 1.000000 1.000000 1.000000 1.000000
sc 1.000000 1.000000 1.000000 1.000000
sc 1.000000 1.000000 1.000000 1.000000
sc 1.000000 1.000000 1.000000 1.000000
bm 1.000000 -0.000000 0.000000 -0.000000 -0.000000 1.000000 -0.000000 0.000000 0.000000 -0.000000 1.000000 -0.000000 -0.000000 0.000000 -0.000000 1.000000
bm 1.000000 -0.000000 0.000000 -0.000000 -0.000000 0.999657 -0.026178 0.000000 0.000000 0.026178 0.999657 -0.000000 -0.000000 0.000000 -0.000000 1.000000
bm 1.000000 -0.000000 0.000000 -0.000000 -0.000000 0.994977 -0.100104 0.000000 0.000000 0.100104 0.994977 -0.000000 -0.000000 0.000000 -0.000000 1.000000
bm 1.000000 -0.000000 0.000000 -0.000000 -0.000000 0.976703 -0.214598 0.000000 0.000000 0.214598 0.976703 -0.000000 -0.000000 0.000000 -0.000000 1.000000
bm 1.000000 -0.000000 0.000000 -0.000000 -0.000000 0.932987 -0.359910 0.000000 0.000000 0.359910 0.932987 -0.000000 -0.000000 0.000000 -0.000000 1.000000
bm 1.000000 -0.000000 0.000000 -0.000000 -0.000000 0.853120 -0.521715 0.000000 0.000000 0.521715 0.853120 -0.000000 -0.000000 0.000000 -0.000000 1.000000
bm 1.000000 -0.000000 0.000000 -0.000000 -0.000000 0.731849 -0.681467 0.000000 0.000000 0.681467 0.731849 -0.000000 -0.000000 0.000000 -0.000000 1.000000
bm 1.000000 -0.000000 0.000000 -0.000000 -0.000000 0.572532 -0.819882 0.000000 0.000000 0.819882 0.572532 -0.000000 -0.000000 0.000000 -0.000000 1.000000
bm 1.000000 -0.000000 0.000000 -0.000000 -0.000000 0.386872 -0.922133 0.000000 0.000000 0.922133 0.386872 -0.000000 -0.000000 0.000000 -0.000000 1.000000
bm 1.000000 -0.000000 0.000000 -0.000000 -0.000000 0.190954 -0.981599 0.000000 0.000000 0.981599 0.190954 -0.000000 -0.000000 0.000000 -0.000000 1.000000
bm 1.000000 -0.000000 0.000000 -0.000000 -0.000000 -0.000000 -1.000000 0.000000 0.000000 1.000000 -0.000000 -0.000000 -0.000000 0.000000 -0.000000 1.000000
bm 1.000000 -0.000000 0.000000 -0.000000 -0.000000 -0.176199 -0.984355 0.000000 0.000000 0.984355 -0.176199 -0.000000 -0.000000 0.000000 -0.000000 1.000000
bm 1.000000 -0.000000 0.000000 -0.000000 -0.000000 -0.335902 -0.941897 0.000000 0.000000 0.941897 -0.335902 -0.000000 -0.000000 0.000000 -0.000000 1.000000
bm 1.000000 -0.000000 0.000000 -0.000000 -0.000000 -0.479559 -0.877510 0.000000 0.000000 0.877510 -0.479559 -0.000000 -0.000000 0.000000 -0.000000 1.000000
bm 1.000000 -0.000000 0.000000 -0.000000 -0.000000 -0.607603 -0.794241 0.000000 0.000000 0.794241 -0.607603 -0.000000 -0.000000 0.000000 -0.000000 1.000000
bm 1.000000 -0.000000 0.000000 -0.000000 -0.000000 -0.719961 -0.694015 0.000000 0.000000 0.694015 -0.719961 -0.000000 -0.000000 0.000000 -0.000000 1.000000
bm 1.000000 -0.000000 0.000000 -0.000000 -0.000000 -0.815852 -0.578261 0.000000 0.000000 0.578261 -0.815852 -0.000000 -0.000000 0.000000 -0.000000 1.000000
bm 1.000000 -0.000000 0.000000 -0.000000 -0.000000 -0.893797 -0.448471 0.000000 0.000000 0.448471 -0.893797 -0.000000 -0.000000 0.000000 -0.000000 1.000000
bm 1.000000 -0.000000 0.000000 -0.000000 -0.000000 -0.951813 -0.306679 0.000000 0.000000 0.306679 -0.951813 -0.000000 -0.000000 0.000000 -0.000000 1.000000
bm 1.000000 -0.000000 0.000000 -0.000000 -0.000000 -0.987783 -0.155839 0.000000 0.000000 0.155839 -0.987783 -0.000000 -0.000000 0.000000 -0.000000 1.000000
bm 1.000000 -0.000000 0.000000 -0.000000 -0.000000 -1.000000 -0.000000 0.000000 0.000000 -0.000000 -1.000000 -0.000000 -0.000000 0.000000 -0.000000 1.000000
bm 1.000000 -0.000000 0.000000 -0.000000 -0.000000 -0.987783 0.155839 0.000000 0.000000 -0.155839 -0.987783 -0.000000 -0.000000 0.000000 -0.000000 1.000000
bm 1.000000 -0.000000 0.000000 -0.000000 -0.000000 -0.951813 0.306679 0.000000 0.000000 -0.306679 -0.951813 -0.000000 -0.000000 0.000000 -0.000000 1.000000
bm 1.000000 -0.000000 0.000000 -0.000000 -0.000000 -0.893797 0.448471 0.000000 0.000000 -0.448471 -0.893797 -0.000000 -0.000000 0.000000 -0.000000 1.000000
bm 1.000000 -0.000000 0.000000 -0.000000 -0.000000 -0.815852 0.578261 0.000000 0.000000 -0.578261 -0.815852 -0.000000 -0.000000 0.000000 -0.000000 1.000000
bm 1.000000 -0.000000 0.000000 -0.000000 -0.000000 -0.719961 0.694014 0.000000 0.000000 -0.694014 -0.719961 -0.000000 -0.000000 0.000000 -0.000000 1.000000
bm 1.000000 -0.000000 0.000000 -0.000000 -0.000000 -0.607603 0.794241 0.000000 0.000000 -0.794241 -0.607603 -0.000000 -0.000000 0.000000 -0.000000 1.000000
bm 1.000000 -0.000000 0.000000 -0.000000 -0.000000 -0.479559 0.877510 0.000000 0.000000 -0.877510 -0.479559 -0.000000 -0.000000 0.000000 -0.000000 1.000000
bm 1.000000 -0.000000 0.000000 -0.000000 -0.000000 -0.335902 0.941897 0.000000 0.000000 -0.941897 -0.335902 -0.000000 -0.000000 0.000000 -0.000000 1.000000
bm 1.000000 -0.000000 0.000000 -0.000000 -0.000000 -0.176199 0.984355 0.000000 0.000000 -0.984355 -0.176199 -0.000000 -0.000000 0.000000 -0.000000 1.000000
bm 1.000000 -0.000000 0.000000 -0.000000 -0.000000 -0.000000 1.000000 0.000000 0.000000 -1.000000 -0.000000 -0.000000 -0.000000 0.000000 -0.000000 1.000000
bm 1.000000 -0.000000 0.000000 -0.000000 -0.000000 0.190954 0.981599 0.000000 0.000000 -0.981599 0.190954 -0.000000 -0.000000 0.000000 -0.000000 1.000000
bm 1.000000 -0.000000 0.000000 -0.000000 -0.000000 0.386872 0.922133 0.000000 0.000000 -0.922133 0.386872 -0.000000 -0.000000 0.000000 -0.000000 1.000000
bm 1.000000 -0.000000 0.000000 -0.000000 -0.000000 0.572532 0.819882 0.000000 0.000000 -0.819882 0.572532 -0.000000 -0.000000 0.000000 -0.000000 1.000000
bm 1.000000 -0.000000 0.000000 -0.000000 -0.000000 0.731849 0.681467 0.000000 0.000000 -0.681467 0.731849 -0.000000 -0.000000 0.000000 -0.000000 1.000000
bm 1.000000 -0.000000 0.000000 -0.000000 -0.000000 0.853120 0.521715 0.000000 0.000000 -0.521715 0.853120 -0.000000 -0.000000 0.000000 -0.000000 1.000000
bm 1.000000 -0.000000 0.000000 -0.000000 -0.000000 0.932987 0.359910 0.000000 0.000000 -0.359910 0.932987 -0.000000 -0.000000 0.000000 -0.000000 1.000000
bm 1.000000 -0.000000 0.000000 -0.000000 -0.000000 0.976703 0.214598 0.000000 0.000000 -0.214598 0.976703 -0.000000 -0.000000 0.000000 -0.000000 1.000000
bm 1.000000 -0.000000 0.000000 -0.000000 -0.000000 0.994977 0.100104 0.000000 0.000000 -0.100104 0.994977 -0.000000 -0.000000 0.000000 -0.000000 1.000000
bm 1.000000 -0.000000 0.000000 -0.000000 -0.000000 0.999657 0.026178 0.000000 0.000000 -0.026178 0.999657 -0.000000 -0.000000 0.000000 -0.000000 1.000000
